dropId	goodsId	goodsName	count
掉宝组ID	物品ID	物品名称	数量
600001	1045000187	5000000点经验包	1
600001	1045000187	5000000点经验包	1
600001	1045000187	5000000点经验包	1
600001	1045000014	1小时2.5倍经验卡	1
600001	1045000022	1小时3倍经验卡	1
600001	1042200101	素材之星・天上	1
600001	1042200101	素材之星・天上	1
600001	1042200101	素材之星・天上	1
600001	1045000039	五万生命宝石	1
600001	1045000040	五万精力宝石	1
600002	1045000187	5000000点经验包	1
600002	1045000187	5000000点经验包	1
600002	1045000187	5000000点经验包	1
600002	1045000014	1小时2.5倍经验卡	1
600002	1045000022	1小时3倍经验卡	1
600002	1042200101	素材之星・天上	1
600002	1042200101	素材之星・天上	1
600002	1042200101	素材之星・天上	1
600002	1045000039	五万生命宝石	1
600002	1045000040	五万精力宝石	1
600003	1045000188	10000000点经验包	1
600003	1045000188	10000000点经验包	1
600003	1045000188	10000000点经验包	1
600003	1045000014	1小时2.5倍经验卡	1
600003	1045000022	1小时3倍经验卡	1
600003	1042200101	素材之星・天上	1
600003	1042200101	素材之星・天上	1
600003	1042200101	素材之星・天上	1
600003	1045000039	五万生命宝石	1
600003	1045000040	五万精力宝石	1
600004	1045000188	10000000点经验包	1
600004	1045000188	10000000点经验包	1
600004	1045000188	10000000点经验包	1
600004	1045000014	1小时2.5倍经验卡	1
600004	1045000022	1小时3倍经验卡	1
600004	1042200101	素材之星・天上	1
600004	1042200101	素材之星・天上	1
600004	1042200101	素材之星・天上	1
600004	1045000008	十万生命宝石	1
600004	1045000010	十万精力宝石	1
600005	1045000189	15000000点经验包	1
600005	1045000189	15000000点经验包	1
600005	1045000189	15000000点经验包	1
600005	1045000014	1小时2.5倍经验卡	1
600005	1045000022	1小时3倍经验卡	1
600005	1042200101	素材之星・天上	1
600005	1042200101	素材之星・天上	1
600005	1045012001	行动值小礼包	1
600005	1045000008	十万生命宝石	1
600005	1045000010	十万精力宝石	1
600006	1045000189	15000000点经验包	1
600006	1045000189	15000000点经验包	1
600006	1045000189	15000000点经验包	1
600006	1045000014	1小时2.5倍经验卡	1
600006	1045000022	1小时3倍经验卡	1
600006	1042200101	素材之星・天上	1
600006	1042200101	素材之星・天上	1
600006	1045012001	行动值小礼包	1
600006	1045000042	二十万生命宝石	1
600006	1045000119	二十万精力宝石	1
600007	1045000190	20000000点经验包	1
600007	1045000190	20000000点经验包	1
600007	1045000190	20000000点经验包	1
600007	1045000014	1小时2.5倍经验卡	1
600007	1045000022	1小时3倍经验卡	1
600007	1042200101	素材之星・天上	1
600007	1042200101	素材之星・天上	1
600007	1045012001	行动值小礼包	1
600007	1045000042	二十万生命宝石	1
600007	1045000119	二十万精力宝石	1
600008	1045000190	20000000点经验包	1
600008	1045000190	20000000点经验包	1
600008	1045000190	20000000点经验包	1
600008	1045000014	1小时2.5倍经验卡	1
600008	1045000022	1小时3倍经验卡	1
600008	1042200101	素材之星・天上	1
600008	1042200101	素材之星・天上	1
600008	1045012001	行动值小礼包	1
600008	1045000044	三十万生命宝石	1
600008	1045000120	三十万精力宝石	1
600009	1045000192	三千万点经验包	1
600009	1045000192	三千万点经验包	1
600009	1045000192	三千万点经验包	1
600009	1045000014	1小时2.5倍经验卡	1
600009	1045000022	1小时3倍经验卡	1
600009	1042200101	素材之星・天上	1
600009	1042200101	素材之星・天上	1
600009	1045012001	行动值小礼包	1
600009	1045000044	三十万生命宝石	1
600009	1045000120	三十万精力宝石	1
600010	1045000194	四千万点经验包	1
600010	1045000194	四千万点经验包	1
600010	1045000194	四千万点经验包	1
600010	1045000014	1小时2.5倍经验卡	1
600010	1045000022	1小时3倍经验卡	1
600010	1042200101	素材之星・天上	1
600010	1042200101	素材之星・天上	1
600010	1045012001	行动值小礼包	1
600010	1045000502	四十万生命宝石	1
600010	1045000603	四十万精力宝石	1
600011	1045000061	五千万点经验包	1
600011	1045000061	五千万点经验包	1
600011	1045000061	五千万点经验包	1
600011	1042200101	素材之星・天上	1
600011	1042200101	素材之星・天上	1
600011	1045012001	行动值小礼包	1
600011	1045000502	四十万生命宝石	1
600011	1045000603	四十万精力宝石	1
600011	1045000014	1小时2.5倍经验卡	1
600011	1045000022	1小时3倍经验卡	1
600012	1045000197	六千万点经验包	1
600012	1045000197	六千万点经验包	1
600012	1045000197	六千万点经验包	1
600012	1042200101	素材之星・天上	1
600012	1042200101	素材之星・天上	1
600012	1045012001	行动值小礼包	1
600012	1045000502	四十万生命宝石	1
600012	1045000603	四十万精力宝石	1
600012	1045000014	1小时2.5倍经验卡	1
600012	1045000022	1小时3倍经验卡	1
600013	1045000199	七千万点经验包	1
600013	1045000199	七千万点经验包	1
600013	1045000199	七千万点经验包	1
600013	1042200101	素材之星・天上	1
600013	1042200101	素材之星・天上	1
600013	1045012001	行动值小礼包	1
600013	1045000502	四十万生命宝石	1
600013	1045000603	四十万精力宝石	1
600013	1045000014	1小时2.5倍经验卡	1
600013	1045000022	1小时3倍经验卡	1
600014	1045000201	八千万点经验包	1
600014	1045000201	八千万点经验包	1
600014	1045000201	八千万点经验包	1
600014	1042200101	素材之星・天上	1
600014	1042200101	素材之星・天上	1
600014	1045012001	行动值小礼包	1
600014	1045000138	五十万生命宝石	1
600014	1045000140	五十万精力宝石	1
600014	1045000014	1小时2.5倍经验卡	1
600014	1045000022	1小时3倍经验卡	1
600015	1045000203	九千万点经验包	1
600015	1045000203	九千万点经验包	1
600015	1045000203	九千万点经验包	1
600015	1042200101	素材之星・天上	1
600015	1042200101	素材之星・天上	1
600015	1045012001	行动值小礼包	1
600015	1045000138	五十万生命宝石	1
600015	1045000140	五十万精力宝石	1
600015	1045000014	1小时2.5倍经验卡	1
600015	1045000022	1小时3倍经验卡	1
600016	1045000062	一亿点经验包	1
600016	1045000062	一亿点经验包	1
600016	1045000062	一亿点经验包	1
600016	1042200101	素材之星・天上	1
600016	1042200101	素材之星・天上	1
600016	1045012001	行动值小礼包	1
600016	1045000138	五十万生命宝石	1
600016	1045000140	五十万精力宝石	1
600016	1045000014	1小时2.5倍经验卡	1
600016	1045000022	1小时3倍经验卡	1
600017	1045000220	一亿一千万点经验包	1
600017	1045000220	一亿一千万点经验包	1
600017	1045000220	一亿一千万点经验包	1
600017	1042200101	素材之星・天上	1
600017	1042200101	素材之星・天上	1
600017	1045012001	行动值小礼包	1
600017	1045000014	1小时2.5倍经验卡	1
600017	1045000022	1小时3倍经验卡	1
600017	1045000138	五十万生命宝石	1
600017	1045000140	五十万精力宝石	1
600018	1045000222	一亿两千万点经验包	1
600018	1045000222	一亿两千万点经验包	1
600018	1045000222	一亿两千万点经验包	1
600018	1042200101	素材之星・天上	1
600018	1042200101	素材之星・天上	1
600018	1045012001	行动值小礼包	1
600018	1045000014	1小时2.5倍经验卡	1
600018	1045000022	1小时3倍经验卡	1
600018	1045000503	六十万生命宝石	1
600018	1045000604	六十万精力宝石	1
600019	1045000224	一亿三千万点经验包	1
600019	1045000224	一亿三千万点经验包	1
600019	1045000224	一亿三千万点经验包	1
600019	1042200101	素材之星・天上	1
600019	1042200101	素材之星・天上	1
600019	1045012001	行动值小礼包	1
600019	1045000014	1小时2.5倍经验卡	1
600019	1045000022	1小时3倍经验卡	1
600019	1045000503	六十万生命宝石	1
600019	1045000604	六十万精力宝石	1
600020	1045000226	一亿四千万点经验包	1
600020	1045000226	一亿四千万点经验包	1
600020	1045000226	一亿四千万点经验包	1
600020	1042200101	素材之星・天上	1
600020	1042200101	素材之星・天上	1
600020	1045012001	行动值小礼包	1
600020	1045000014	1小时2.5倍经验卡	1
600020	1045000022	1小时3倍经验卡	1
600020	1045000503	六十万生命宝石	1
600020	1045000604	六十万精力宝石	1
600021	1045000063	一亿五千万点经验包	1
600021	1045000063	一亿五千万点经验包	1
600021	1045000063	一亿五千万点经验包	1
600021	1042200101	素材之星・天上	1
600021	1042200101	素材之星・天上	1
600021	1045012001	行动值小礼包	1
600021	1045000014	1小时2.5倍经验卡	1
600021	1045000022	1小时3倍经验卡	1
600021	1045000504	七十万生命宝石	1
600021	1045000605	七十万精力宝石	1
600022	1045000236	一亿六千万点经验包	1
600022	1045000236	一亿六千万点经验包	1
600022	1045000236	一亿六千万点经验包	1
600022	1042200101	素材之星・天上	1
600022	1042200101	素材之星・天上	1
600022	1045012001	行动值小礼包	1
600022	1045000014	1小时2.5倍经验卡	1
600022	1045000022	1小时3倍经验卡	1
600022	1045000504	七十万生命宝石	1
600022	1045000605	七十万精力宝石	1
600023	1045000238	一亿七千万点经验包	1
600023	1045000238	一亿七千万点经验包	1
600023	1045000238	一亿七千万点经验包	1
600023	1042200101	素材之星・天上	1
600023	1042200101	素材之星・天上	1
600023	1045012001	行动值小礼包	1
600023	1045000014	1小时2.5倍经验卡	1
600023	1045000022	1小时3倍经验卡	1
600023	1045000504	七十万生命宝石	1
600023	1045000605	七十万精力宝石	1
600024	1045000240	一亿八千万点经验包	1
600024	1045000240	一亿八千万点经验包	1
600024	1045000240	一亿八千万点经验包	1
600024	1042200101	素材之星・天上	1
600024	1042200101	素材之星・天上	1
600024	1045012001	行动值小礼包	1
600024	1045000014	1小时2.5倍经验卡	1
600024	1045000022	1小时3倍经验卡	1
600024	1045000504	七十万生命宝石	1
600024	1045000605	七十万精力宝石	1
600025	1045000242	一亿九千万点经验包	1
600025	1045000242	一亿九千万点经验包	1
600025	1045000242	一亿九千万点经验包	1
600025	1042200101	素材之星・天上	1
600025	1042200101	素材之星・天上	1
600025	1045012001	行动值小礼包	1
600025	1045000014	1小时2.5倍经验卡	1
600025	1045000022	1小时3倍经验卡	1
600025	1045000505	八十万生命宝石	1
600025	1045000606	八十万精力宝石	1
600026	1045000244	两亿点经验包	1
600026	1045000244	两亿点经验包	1
600026	1045000244	两亿点经验包	1
600026	1042200101	素材之星・天上	1
600026	1042200101	素材之星・天上	1
600026	1045012001	行动值小礼包	1
600026	1045000014	1小时2.5倍经验卡	1
600026	1045000022	1小时3倍经验卡	1
600026	1045000505	八十万生命宝石	1
600026	1045000606	八十万精力宝石	1
600027	1045000246	两亿一千万点经验包	1
600027	1045000246	两亿一千万点经验包	1
600027	1045000246	两亿一千万点经验包	1
600027	1042200101	素材之星・天上	1
600027	1042200101	素材之星・天上	1
600027	1045012001	行动值小礼包	1
600027	1045000014	1小时2.5倍经验卡	1
600027	1045000022	1小时3倍经验卡	1
600027	1045000505	八十万生命宝石	1
600027	1045000606	八十万精力宝石	1
600028	1045000248	两亿两千万点经验包	1
600028	1045000248	两亿两千万点经验包	1
600028	1045000248	两亿两千万点经验包	1
600028	1042200101	素材之星・天上	1
600028	1042200101	素材之星・天上	1
600028	1045012001	行动值小礼包	1
600028	1045000014	1小时2.5倍经验卡	1
600028	1045000022	1小时3倍经验卡	1
600028	1045000505	八十万生命宝石	1
600028	1045000606	八十万精力宝石	1
600029	1045000250	两亿三千万点经验包	1
600029	1045000250	两亿三千万点经验包	1
600029	1045000250	两亿三千万点经验包	1
600029	1042200101	素材之星・天上	1
600029	1042200101	素材之星・天上	1
600029	1045012001	行动值小礼包	1
600029	1045000014	1小时2.5倍经验卡	1
600029	1045000022	1小时3倍经验卡	1
600029	1045000505	八十万生命宝石	1
600029	1045000606	八十万精力宝石	1
600030	1045000253	两亿四千万点经验包	1
600030	1045000253	两亿四千万点经验包	1
600030	1045000253	两亿四千万点经验包	1
600030	1042200101	素材之星・天上	1
600030	1042200101	素材之星・天上	1
600030	1045012001	行动值小礼包	1
600030	1045000014	1小时2.5倍经验卡	1
600030	1045000022	1小时3倍经验卡	1
600030	1045000505	八十万生命宝石	1
600030	1045000606	八十万精力宝石	1
600031	1045000255	两亿五千万点经验包	1
600031	1045000255	两亿五千万点经验包	1
600031	1045000255	两亿五千万点经验包	1
600031	1042200101	素材之星・天上	1
600031	1042200101	素材之星・天上	1
600031	1045012001	行动值小礼包	1
600031	1045000014	1小时2.5倍经验卡	1
600031	1045000022	1小时3倍经验卡	1
600031	1045000505	八十万生命宝石	1
600031	1045000606	八十万精力宝石	1
600032	1045000255	两亿五千万点经验包	1
600032	1045000255	两亿五千万点经验包	1
600032	1045000255	两亿五千万点经验包	1
600032	1042200101	素材之星・天上	1
600032	1042200101	素材之星・天上	1
600032	1045012001	行动值小礼包	1
600032	1045000014	1小时2.5倍经验卡	1
600032	1045000022	1小时3倍经验卡	1
600032	1045000506	九十万生命宝石	1
600032	1045000607	九十万精力宝石	1
600033	1045000260	两亿七千万点经验包	1
600033	1045000260	两亿七千万点经验包	1
600033	1045000260	两亿七千万点经验包	1
600033	1042200101	素材之星・天上	1
600033	1042200101	素材之星・天上	1
600033	1045012001	行动值小礼包	1
600033	1045000014	1小时2.5倍经验卡	1
600033	1045000022	1小时3倍经验卡	1
600033	1045000506	九十万生命宝石	1
600033	1045000607	九十万精力宝石	1
600034	1045000260	两亿七千万点经验包	1
600034	1045000260	两亿七千万点经验包	1
600034	1045000260	两亿七千万点经验包	1
600034	1042200101	素材之星・天上	1
600034	1042200101	素材之星・天上	1
600034	1045012001	行动值小礼包	1
600034	1045000014	1小时2.5倍经验卡	1
600034	1045000022	1小时3倍经验卡	1
600034	1045000506	九十万生命宝石	1
600034	1045000607	九十万精力宝石	1
600035	1045000261	两亿九千万点经验包	1
600035	1045000261	两亿九千万点经验包	1
600035	1045000261	两亿九千万点经验包	1
600035	1042200101	素材之星・天上	1
600035	1042200101	素材之星・天上	1
600035	1045012001	行动值小礼包	1
600035	1045000014	1小时2.5倍经验卡	1
600035	1045000022	1小时3倍经验卡	1
600035	1045000506	九十万生命宝石	1
600035	1045000607	九十万精力宝石	1
600036	1045000262	三亿点经验包	1
600036	1045000262	三亿点经验包	1
600036	1045000262	三亿点经验包	1
600036	1042200101	素材之星・天上	1
600036	1042200101	素材之星・天上	1
600036	1045012001	行动值小礼包	1
600036	1045000014	1小时2.5倍经验卡	1
600036	1045000022	1小时3倍经验卡	1
600036	1045000506	九十万生命宝石	1
600036	1045000607	九十万精力宝石	1
600037	1045000262	三亿点经验包	1
600037	1045000262	三亿点经验包	1
600037	1045000262	三亿点经验包	1
600037	1042200101	素材之星・天上	1
600037	1042200101	素材之星・天上	1
600037	1045012001	行动值小礼包	1
600037	1045000014	1小时2.5倍经验卡	1
600037	1045000022	1小时3倍经验卡	1
600037	1045000506	九十万生命宝石	1
600037	1045000607	九十万精力宝石	1
600038	1045000262	三亿点经验包	1
600038	1045000262	三亿点经验包	1
600038	1045000262	三亿点经验包	1
600038	1042200101	素材之星・天上	1
600038	1042200101	素材之星・天上	1
600038	1045012001	行动值小礼包	1
600038	1045000014	1小时2.5倍经验卡	1
600038	1045000022	1小时3倍经验卡	1
600038	1045000506	九十万生命宝石	1
600038	1045000607	九十万精力宝石	1
600039	1045000262	三亿点经验包	1
600039	1045000262	三亿点经验包	1
600039	1045000262	三亿点经验包	1
600039	1042200101	素材之星・天上	1
600039	1042200101	素材之星・天上	1
600039	1045012001	行动值小礼包	1
600039	1045000014	1小时2.5倍经验卡	1
600039	1045000022	1小时3倍经验卡	1
600039	1045000506	九十万生命宝石	1
600039	1045000607	九十万精力宝石	1
600040	1045000262	三亿点经验包	1
600040	1045000262	三亿点经验包	1
600040	1045000262	三亿点经验包	1
600040	1042200101	素材之星・天上	1
600040	1042200101	素材之星・天上	1
600040	1045012001	行动值小礼包	1
600040	1045000014	1小时2.5倍经验卡	1
600040	1045000022	1小时3倍经验卡	1
600040	1045000506	九十万生命宝石	1
600040	1045000607	九十万精力宝石	1
600041	1045000262	三亿点经验包	1
600041	1045000262	三亿点经验包	1
600041	1045000262	三亿点经验包	1
600041	1042200101	素材之星・天上	1
600041	1042200101	素材之星・天上	1
600041	1045012001	行动值小礼包	1
600041	1045000014	1小时2.5倍经验卡	1
600041	1045000022	1小时3倍经验卡	1
600041	1045000137	一百万生命宝石	1
600041	1045000139	一百万精力宝石	1
600042	1045000262	三亿点经验包	1
600042	1045000262	三亿点经验包	1
600042	1045000262	三亿点经验包	1
600042	1042200101	素材之星・天上	1
600042	1042200101	素材之星・天上	1
600042	1045012001	行动值小礼包	1
600042	1045000014	1小时2.5倍经验卡	1
600042	1045000022	1小时3倍经验卡	1
600042	1045000137	一百万生命宝石	1
600042	1045000139	一百万精力宝石	1
600043	1045000262	三亿点经验包	1
600043	1045000262	三亿点经验包	1
600043	1045000262	三亿点经验包	1
600043	1042200101	素材之星・天上	1
600043	1042200101	素材之星・天上	1
600043	1045012001	行动值小礼包	1
600043	1045000014	1小时2.5倍经验卡	1
600043	1045000022	1小时3倍经验卡	1
600043	1045000137	一百万生命宝石	1
600043	1045000139	一百万精力宝石	1
600044	1045000262	三亿点经验包	1
600044	1045000262	三亿点经验包	1
600044	1045000262	三亿点经验包	1
600044	1042200101	素材之星・天上	1
600044	1042200101	素材之星・天上	1
600044	1045012001	行动值小礼包	1
600044	1045000014	1小时2.5倍经验卡	1
600044	1045000022	1小时3倍经验卡	1
600044	1045000137	一百万生命宝石	1
600044	1045000139	一百万精力宝石	1
600045	1045000263	三亿五千万点经验包	1
600045	1045000263	三亿五千万点经验包	1
600045	1045000263	三亿五千万点经验包	1
600045	1042200101	素材之星・天上	1
600045	1042200101	素材之星・天上	1
600045	1045012001	行动值小礼包	1
600045	1045000014	1小时2.5倍经验卡	1
600045	1045000022	1小时3倍经验卡	1
600045	1045000137	一百万生命宝石	1
600045	1045000139	一百万精力宝石	1
600046	1045000263	三亿五千万点经验包	1
600046	1045000263	三亿五千万点经验包	1
600046	1045000263	三亿五千万点经验包	1
600046	1042200101	素材之星・天上	1
600046	1042200101	素材之星・天上	1
600046	1045012001	行动值小礼包	1
600046	1045000014	1小时2.5倍经验卡	1
600046	1045000022	1小时3倍经验卡	1
600046	1045000137	一百万生命宝石	1
600046	1045000139	一百万精力宝石	1
600047	1045000263	三亿五千万点经验包	1
600047	1045000263	三亿五千万点经验包	1
600047	1045000263	三亿五千万点经验包	1
600047	1042200101	素材之星・天上	1
600047	1042200101	素材之星・天上	1
600047	1045012001	行动值小礼包	1
600047	1045000014	1小时2.5倍经验卡	1
600047	1045000022	1小时3倍经验卡	1
600047	1045000137	一百万生命宝石	1
600047	1045000139	一百万精力宝石	1
600048	1045000263	三亿五千万点经验包	1
600048	1045000263	三亿五千万点经验包	1
600048	1045000263	三亿五千万点经验包	1
600048	1042200101	素材之星・天上	1
600048	1042200101	素材之星・天上	1
600048	1045012001	行动值小礼包	1
600048	1045000014	1小时2.5倍经验卡	1
600048	1045000022	1小时3倍经验卡	1
600048	1045000137	一百万生命宝石	1
600048	1045000139	一百万精力宝石	1
600049	1045000263	三亿五千万点经验包	1
600049	1045000263	三亿五千万点经验包	1
600049	1045000263	三亿五千万点经验包	1
600049	1042200101	素材之星・天上	1
600049	1042200101	素材之星・天上	1
600049	1045012001	行动值小礼包	1
600049	1045000014	1小时2.5倍经验卡	1
600049	1045000022	1小时3倍经验卡	1
600049	1045000137	一百万生命宝石	1
600049	1045000139	一百万精力宝石	1
600050	1045000263	三亿五千万点经验包	1
600050	1045000263	三亿五千万点经验包	1
600050	1045000263	三亿五千万点经验包	1
600050	1042200101	素材之星・天上	1
600050	1042200101	素材之星・天上	1
600050	1045012001	行动值小礼包	1
600050	1045000014	1小时2.5倍经验卡	1
600050	1045000022	1小时3倍经验卡	1
600050	1045000137	一百万生命宝石	1
600050	1045000139	一百万精力宝石	1
600051	1045000263	三亿五千万点经验包	1
600051	1045000263	三亿五千万点经验包	1
600051	1045000263	三亿五千万点经验包	1
600051	1042200101	素材之星・天上	1
600051	1042200101	素材之星・天上	1
600051	1045012001	行动值小礼包	1
600051	1045000014	1小时2.5倍经验卡	1
600051	1045000022	1小时3倍经验卡	1
600051	1045000137	一百万生命宝石	1
600051	1045000139	一百万精力宝石	1
600052	1045000263	三亿五千万点经验包	1
600052	1045000263	三亿五千万点经验包	1
600052	1045000263	三亿五千万点经验包	1
600052	1042200101	素材之星・天上	1
600052	1042200101	素材之星・天上	1
600052	1045012001	行动值小礼包	1
600052	1045000014	1小时2.5倍经验卡	1
600052	1045000022	1小时3倍经验卡	1
600052	1045000137	一百万生命宝石	1
600052	1045000139	一百万精力宝石	1
600053	1045000263	三亿五千万点经验包	1
600053	1045000263	三亿五千万点经验包	1
600053	1045000263	三亿五千万点经验包	1
600053	1042200101	素材之星・天上	1
600053	1042200101	素材之星・天上	1
600053	1045012001	行动值小礼包	1
600053	1045000014	1小时2.5倍经验卡	1
600053	1045000022	1小时3倍经验卡	1
600053	1045000137	一百万生命宝石	1
600053	1045000139	一百万精力宝石	1
600054	1045000263	三亿五千万点经验包	1
600054	1045000263	三亿五千万点经验包	1
600054	1045000263	三亿五千万点经验包	1
600054	1042200101	素材之星・天上	1
600054	1042200101	素材之星・天上	1
600054	1045012001	行动值小礼包	1
600054	1045000014	1小时2.5倍经验卡	1
600054	1045000022	1小时3倍经验卡	1
600054	1045000137	一百万生命宝石	1
600054	1045000139	一百万精力宝石	1
600055	1045000263	三亿五千万点经验包	1
600055	1045000263	三亿五千万点经验包	1
600055	1045000263	三亿五千万点经验包	1
600055	1042200101	素材之星・天上	1
600055	1042200101	素材之星・天上	1
600055	1045012001	行动值小礼包	1
600055	1045000014	1小时2.5倍经验卡	1
600055	1045000022	1小时3倍经验卡	1
600055	1045000137	一百万生命宝石	1
600055	1045000139	一百万精力宝石	1
600056	1045000264	四亿点经验包	1
600056	1045000264	四亿点经验包	1
600056	1045000264	四亿点经验包	1
600056	1042200101	素材之星・天上	1
600056	1042200101	素材之星・天上	1
600056	1045012001	行动值小礼包	1
600056	1045000014	1小时2.5倍经验卡	1
600056	1045000022	1小时3倍经验卡	1
600056	1045000137	一百万生命宝石	1
600056	1045000139	一百万精力宝石	1
600057	1045000264	四亿点经验包	1
600057	1045000264	四亿点经验包	1
600057	1045000264	四亿点经验包	1
600057	1042200101	素材之星・天上	1
600057	1042200101	素材之星・天上	1
600057	1045012001	行动值小礼包	1
600057	1045000014	1小时2.5倍经验卡	1
600057	1045000022	1小时3倍经验卡	1
600057	1045000137	一百万生命宝石	1
600057	1045000139	一百万精力宝石	1
600058	1045000264	四亿点经验包	1
600058	1045000264	四亿点经验包	1
600058	1045000264	四亿点经验包	1
600058	1042200101	素材之星・天上	1
600058	1042200101	素材之星・天上	1
600058	1045012001	行动值小礼包	1
600058	1045000014	1小时2.5倍经验卡	1
600058	1045000022	1小时3倍经验卡	1
600058	1045000137	一百万生命宝石	1
600058	1045000139	一百万精力宝石	1
600059	1045000264	四亿点经验包	1
600059	1045000264	四亿点经验包	1
600059	1045000264	四亿点经验包	1
600059	1042200101	素材之星・天上	1
600059	1042200101	素材之星・天上	1
600059	1045012001	行动值小礼包	1
600059	1045000014	1小时2.5倍经验卡	1
600059	1045000022	1小时3倍经验卡	1
600059	1045000137	一百万生命宝石	1
600059	1045000139	一百万精力宝石	1
600060	1045000264	四亿点经验包	1
600060	1045000264	四亿点经验包	1
600060	1045000264	四亿点经验包	1
600060	1042200101	素材之星・天上	1
600060	1042200101	素材之星・天上	1
600060	1045012001	行动值小礼包	1
600060	1045000014	1小时2.5倍经验卡	1
600060	1045000022	1小时3倍经验卡	1
600060	1045000137	一百万生命宝石	1
600060	1045000139	一百万精力宝石	1
600061	1045000264	四亿点经验包	1
600061	1045000264	四亿点经验包	1
600061	1045000264	四亿点经验包	1
600061	1042200101	素材之星・天上	1
600061	1042200101	素材之星・天上	1
600061	1045012001	行动值小礼包	1
600061	1045000022	1小时3倍经验卡	1
600061	1045000022	1小时3倍经验卡	1
600061	1045000182	二百五十万生命宝石	1
600061	1045000184	二百五十万精力宝石	1
600062	1045000264	四亿点经验包	1
600062	1045000264	四亿点经验包	1
600062	1045000264	四亿点经验包	1
600062	1042200101	素材之星・天上	1
600062	1042200101	素材之星・天上	1
600062	1045012001	行动值小礼包	1
600062	1045000022	1小时3倍经验卡	1
600062	1045000022	1小时3倍经验卡	1
600062	1045000182	二百五十万生命宝石	1
600062	1045000184	二百五十万精力宝石	1
600063	1045000264	四亿点经验包	1
600063	1045000264	四亿点经验包	1
600063	1045000264	四亿点经验包	1
600063	1042200101	素材之星・天上	1
600063	1042200101	素材之星・天上	1
600063	1045012001	行动值小礼包	1
600063	1045000022	1小时3倍经验卡	1
600063	1045000022	1小时3倍经验卡	1
600063	1045000182	二百五十万生命宝石	1
600063	1045000184	二百五十万精力宝石	1
600064	1045000265	四亿五千万点经验包	1
600064	1045000265	四亿五千万点经验包	1
600064	1045000265	四亿五千万点经验包	1
600064	1042200101	素材之星・天上	1
600064	1042200101	素材之星・天上	1
600064	1045012001	行动值小礼包	1
600064	1045000022	1小时3倍经验卡	1
600064	1045000022	1小时3倍经验卡	1
600064	1045000182	二百五十万生命宝石	1
600064	1045000184	二百五十万精力宝石	1
600065	1045000265	四亿五千万点经验包	1
600065	1045000265	四亿五千万点经验包	1
600065	1045000265	四亿五千万点经验包	1
600065	1042200101	素材之星・天上	1
600065	1042200101	素材之星・天上	1
600065	1045012001	行动值小礼包	1
600065	1045000022	1小时3倍经验卡	1
600065	1045000022	1小时3倍经验卡	1
600065	1045000182	二百五十万生命宝石	1
600065	1045000184	二百五十万精力宝石	1
600066	1045000265	四亿五千万点经验包	1
600066	1045000265	四亿五千万点经验包	1
600066	1045000265	四亿五千万点经验包	1
600066	1042200101	素材之星・天上	1
600066	1042200101	素材之星・天上	1
600066	1045012001	行动值小礼包	1
600066	1045000022	1小时3倍经验卡	1
600066	1045000022	1小时3倍经验卡	1
600066	1045000182	二百五十万生命宝石	1
600066	1045000184	二百五十万精力宝石	1
600067	1045000265	四亿五千万点经验包	1
600067	1045000265	四亿五千万点经验包	1
600067	1045000265	四亿五千万点经验包	1
600067	1042200101	素材之星・天上	1
600067	1042200101	素材之星・天上	1
600067	1045012001	行动值小礼包	1
600067	1045000022	1小时3倍经验卡	1
600067	1045000022	1小时3倍经验卡	1
600067	1045000182	二百五十万生命宝石	1
600067	1045000184	二百五十万精力宝石	1
600068	1045000265	四亿五千万点经验包	1
600068	1045000265	四亿五千万点经验包	1
600068	1045000265	四亿五千万点经验包	1
600068	1042200101	素材之星・天上	1
600068	1042200101	素材之星・天上	1
600068	1045012001	行动值小礼包	1
600068	1045000022	1小时3倍经验卡	1
600068	1045000022	1小时3倍经验卡	1
600068	1045000182	二百五十万生命宝石	1
600068	1045000184	二百五十万精力宝石	1
600069	1045000265	四亿五千万点经验包	1
600069	1045000265	四亿五千万点经验包	1
600069	1045000265	四亿五千万点经验包	1
600069	1042200101	素材之星・天上	1
600069	1042200101	素材之星・天上	1
600069	1045012001	行动值小礼包	1
600069	1045000022	1小时3倍经验卡	1
600069	1045000022	1小时3倍经验卡	1
600069	1045000182	二百五十万生命宝石	1
600069	1045000184	二百五十万精力宝石	1
600070	1045000266	五亿点经验包	1
600070	1045000266	五亿点经验包	1
600070	1045000266	五亿点经验包	1
600070	1042200101	素材之星・天上	1
600070	1042200101	素材之星・天上	1
600070	1045012001	行动值小礼包	1
600070	1045000022	1小时3倍经验卡	1
600070	1045000022	1小时3倍经验卡	1
600070	1045000182	二百五十万生命宝石	1
600070	1045000184	二百五十万精力宝石	1
600071	1045000266	五亿点经验包	1
600071	1045000266	五亿点经验包	1
600071	1045000266	五亿点经验包	1
600071	1042200101	素材之星・天上	1
600071	1042200101	素材之星・天上	1
600071	1045012001	行动值小礼包	1
600071	1045000022	1小时3倍经验卡	1
600071	1045000022	1小时3倍经验卡	1
600071	1045000182	二百五十万生命宝石	1
600071	1045000184	二百五十万精力宝石	1
600072	1045000266	五亿点经验包	1
600072	1045000266	五亿点经验包	1
600072	1045000266	五亿点经验包	1
600072	1042200101	素材之星・天上	1
600072	1042200101	素材之星・天上	1
600072	1045012001	行动值小礼包	1
600072	1045000022	1小时3倍经验卡	1
600072	1045000022	1小时3倍经验卡	1
600072	1045000182	二百五十万生命宝石	1
600072	1045000184	二百五十万精力宝石	1
600073	1045000266	五亿点经验包	1
600073	1045000266	五亿点经验包	1
600073	1045000266	五亿点经验包	1
600073	1042200101	素材之星・天上	1
600073	1042200101	素材之星・天上	1
600073	1045012001	行动值小礼包	1
600073	1045000022	1小时3倍经验卡	1
600073	1045000022	1小时3倍经验卡	1
600073	1045000182	二百五十万生命宝石	1
600073	1045000184	二百五十万精力宝石	1
600074	1045000266	五亿点经验包	1
600074	1045000266	五亿点经验包	1
600074	1045000266	五亿点经验包	1
600074	1042200101	素材之星・天上	1
600074	1042200101	素材之星・天上	1
600074	1045012001	行动值小礼包	1
600074	1045000022	1小时3倍经验卡	1
600074	1045000022	1小时3倍经验卡	1
600074	1045000182	二百五十万生命宝石	1
600074	1045000184	二百五十万精力宝石	1
600075	1045000266	五亿点经验包	1
600075	1045000266	五亿点经验包	1
600075	1045000266	五亿点经验包	1
600075	1042200101	素材之星・天上	1
600075	1042200101	素材之星・天上	1
600075	1045012001	行动值小礼包	1
600075	1045000022	1小时3倍经验卡	1
600075	1045000022	1小时3倍经验卡	1
600075	1045000182	二百五十万生命宝石	1
600075	1045000184	二百五十万精力宝石	1
600076	1045000266	五亿点经验包	1
600076	1045000266	五亿点经验包	1
600076	1045000266	五亿点经验包	1
600076	1042200101	素材之星・天上	1
600076	1042200101	素材之星・天上	1
600076	1045012001	行动值小礼包	1
600076	1045000022	1小时3倍经验卡	1
600076	1045000022	1小时3倍经验卡	1
600076	1045000182	二百五十万生命宝石	1
600076	1045000184	二百五十万精力宝石	1
600077	1045000266	五亿点经验包	1
600077	1045000266	五亿点经验包	1
600077	1045000266	五亿点经验包	1
600077	1042200101	素材之星・天上	1
600077	1042200101	素材之星・天上	1
600077	1045012001	行动值小礼包	1
600077	1045000022	1小时3倍经验卡	1
600077	1045000022	1小时3倍经验卡	1
600077	1045000182	二百五十万生命宝石	1
600077	1045000184	二百五十万精力宝石	1
600078	1045000266	五亿点经验包	1
600078	1045000266	五亿点经验包	1
600078	1045000266	五亿点经验包	1
600078	1042200101	素材之星・天上	1
600078	1042200101	素材之星・天上	1
600078	1045012001	行动值小礼包	1
600078	1045000022	1小时3倍经验卡	1
600078	1045000022	1小时3倍经验卡	1
600078	1045000182	二百五十万生命宝石	1
600078	1045000184	二百五十万精力宝石	1
600079	1045000266	五亿点经验包	1
600079	1045000266	五亿点经验包	1
600079	1045000266	五亿点经验包	1
600079	1042200101	素材之星・天上	1
600079	1042200101	素材之星・天上	1
600079	1045012001	行动值小礼包	1
600079	1045000022	1小时3倍经验卡	1
600079	1045000022	1小时3倍经验卡	1
600079	1045000182	二百五十万生命宝石	1
600079	1045000184	二百五十万精力宝石	1
600080	1045000267	五亿五千万点经验包	1
600080	1045000267	五亿五千万点经验包	1
600080	1045000267	五亿五千万点经验包	1
600080	1042200101	素材之星・天上	1
600080	1042200101	素材之星・天上	1
600080	1045012001	行动值小礼包	1
600080	1045000022	1小时3倍经验卡	1
600080	1045000022	1小时3倍经验卡	1
600080	1045000182	二百五十万生命宝石	1
600080	1045000184	二百五十万精力宝石	1
600081	1045000267	五亿五千万点经验包	1
600081	1045000267	五亿五千万点经验包	1
600081	1045000267	五亿五千万点经验包	1
600081	1042200101	素材之星・天上	1
600081	1042200101	素材之星・天上	1
600081	1045012001	行动值小礼包	1
600081	1045000022	1小时3倍经验卡	1
600081	1045000022	1小时3倍经验卡	1
600081	1045000182	二百五十万生命宝石	1
600081	1045000184	二百五十万精力宝石	1
600082	1045000267	五亿五千万点经验包	1
600082	1045000267	五亿五千万点经验包	1
600082	1045000267	五亿五千万点经验包	1
600082	1042200101	素材之星・天上	1
600082	1042200101	素材之星・天上	1
600082	1045012001	行动值小礼包	1
600082	1045000022	1小时3倍经验卡	1
600082	1045000022	1小时3倍经验卡	1
600082	1045000182	二百五十万生命宝石	1
600082	1045000184	二百五十万精力宝石	1
600083	1045000267	五亿五千万点经验包	1
600083	1045000267	五亿五千万点经验包	1
600083	1045000267	五亿五千万点经验包	1
600083	1042200101	素材之星・天上	1
600083	1042200101	素材之星・天上	1
600083	1045012001	行动值小礼包	1
600083	1045000022	1小时3倍经验卡	1
600083	1045000022	1小时3倍经验卡	1
600083	1045000182	二百五十万生命宝石	1
600083	1045000184	二百五十万精力宝石	1
600084	1045000267	五亿五千万点经验包	1
600084	1045000267	五亿五千万点经验包	1
600084	1045000267	五亿五千万点经验包	1
600084	1042200101	素材之星・天上	1
600084	1042200101	素材之星・天上	1
600084	1045012001	行动值小礼包	1
600084	1045000022	1小时3倍经验卡	1
600084	1045000022	1小时3倍经验卡	1
600084	1045000182	二百五十万生命宝石	1
600084	1045000184	二百五十万精力宝石	1
600085	1045000267	五亿五千万点经验包	1
600085	1045000267	五亿五千万点经验包	1
600085	1045000267	五亿五千万点经验包	1
600085	1042200101	素材之星・天上	1
600085	1042200101	素材之星・天上	1
600085	1045012001	行动值小礼包	1
600085	1045000022	1小时3倍经验卡	1
600085	1045000022	1小时3倍经验卡	1
600085	1045000182	二百五十万生命宝石	1
600085	1045000184	二百五十万精力宝石	1
600086	1045000267	五亿五千万点经验包	1
600086	1045000267	五亿五千万点经验包	1
600086	1045000267	五亿五千万点经验包	1
600086	1042200101	素材之星・天上	1
600086	1042200101	素材之星・天上	1
600086	1045012001	行动值小礼包	1
600086	1045000022	1小时3倍经验卡	1
600086	1045000022	1小时3倍经验卡	1
600086	1045000182	二百五十万生命宝石	1
600086	1045000184	二百五十万精力宝石	1
600087	1045000267	五亿五千万点经验包	1
600087	1045000267	五亿五千万点经验包	1
600087	1045000267	五亿五千万点经验包	1
600087	1042200101	素材之星・天上	1
600087	1042200101	素材之星・天上	1
600087	1045012001	行动值小礼包	1
600087	1045000022	1小时3倍经验卡	1
600087	1045000022	1小时3倍经验卡	1
600087	1045000182	二百五十万生命宝石	1
600087	1045000184	二百五十万精力宝石	1
600088	1045000267	五亿五千万点经验包	1
600088	1045000267	五亿五千万点经验包	1
600088	1045000267	五亿五千万点经验包	1
600088	1042200101	素材之星・天上	1
600088	1042200101	素材之星・天上	1
600088	1045012001	行动值小礼包	1
600088	1045000022	1小时3倍经验卡	1
600088	1045000022	1小时3倍经验卡	1
600088	1045000182	二百五十万生命宝石	1
600088	1045000184	二百五十万精力宝石	1
600089	1045000267	五亿五千万点经验包	1
600089	1045000267	五亿五千万点经验包	1
600089	1045000267	五亿五千万点经验包	1
600089	1042200101	素材之星・天上	1
600089	1042200101	素材之星・天上	1
600089	1045012001	行动值小礼包	1
600089	1045000022	1小时3倍经验卡	1
600089	1045000022	1小时3倍经验卡	1
600089	1045000182	二百五十万生命宝石	1
600089	1045000184	二百五十万精力宝石	1
600090	1045000268	六亿点经验包	1
600090	1045000268	六亿点经验包	1
600090	1045000268	六亿点经验包	1
600090	1042200101	素材之星・天上	1
600090	1042200101	素材之星・天上	1
600090	1045012001	行动值小礼包	1
600090	1045000022	1小时3倍经验卡	1
600090	1045000022	1小时3倍经验卡	1
600090	1045000182	二百五十万生命宝石	1
600090	1045000184	二百五十万精力宝石	1
600091	1045000268	六亿点经验包	1
600091	1045000268	六亿点经验包	1
600091	1045000268	六亿点经验包	1
600091	1042200101	素材之星・天上	1
600091	1042200101	素材之星・天上	1
600091	1045012001	行动值小礼包	1
600091	1045000022	1小时3倍经验卡	1
600091	1045000022	1小时3倍经验卡	1
600091	1045000182	二百五十万生命宝石	1
600091	1045000184	二百五十万精力宝石	1
600092	1045000268	六亿点经验包	1
600092	1045000268	六亿点经验包	1
600092	1045000268	六亿点经验包	1
600092	1042200101	素材之星・天上	1
600092	1042200101	素材之星・天上	1
600092	1045012001	行动值小礼包	1
600092	1045000022	1小时3倍经验卡	1
600092	1045000022	1小时3倍经验卡	1
600092	1045000182	二百五十万生命宝石	1
600092	1045000184	二百五十万精力宝石	1
600093	1045000268	六亿点经验包	1
600093	1045000268	六亿点经验包	1
600093	1045000268	六亿点经验包	1
600093	1042200101	素材之星・天上	1
600093	1042200101	素材之星・天上	1
600093	1045012001	行动值小礼包	1
600093	1045000022	1小时3倍经验卡	1
600093	1045000022	1小时3倍经验卡	1
600093	1045000182	二百五十万生命宝石	1
600093	1045000184	二百五十万精力宝石	1
600094	1045000268	六亿点经验包	1
600094	1045000268	六亿点经验包	1
600094	1045000268	六亿点经验包	1
600094	1042200101	素材之星・天上	1
600094	1042200101	素材之星・天上	1
600094	1045012001	行动值小礼包	1
600094	1045000022	1小时3倍经验卡	1
600094	1045000022	1小时3倍经验卡	1
600094	1045000182	二百五十万生命宝石	1
600094	1045000184	二百五十万精力宝石	1
600095	1045000268	六亿点经验包	1
600095	1045000268	六亿点经验包	1
600095	1045000268	六亿点经验包	1
600095	1042200101	素材之星・天上	1
600095	1042200101	素材之星・天上	1
600095	1045012001	行动值小礼包	1
600095	1045000022	1小时3倍经验卡	1
600095	1045000022	1小时3倍经验卡	1
600095	1045000182	二百五十万生命宝石	1
600095	1045000184	二百五十万精力宝石	1
600096	1045000268	六亿点经验包	1
600096	1045000268	六亿点经验包	1
600096	1045000268	六亿点经验包	1
600096	1042200101	素材之星・天上	1
600096	1042200101	素材之星・天上	1
600096	1045012001	行动值小礼包	1
600096	1045000022	1小时3倍经验卡	1
600096	1045000022	1小时3倍经验卡	1
600096	1045000182	二百五十万生命宝石	1
600096	1045000184	二百五十万精力宝石	1
600097	1045000268	六亿点经验包	1
600097	1045000268	六亿点经验包	1
600097	1045000268	六亿点经验包	1
600097	1042200101	素材之星・天上	1
600097	1042200101	素材之星・天上	1
600097	1045012001	行动值小礼包	1
600097	1045000022	1小时3倍经验卡	1
600097	1045000022	1小时3倍经验卡	1
600097	1045000182	二百五十万生命宝石	1
600097	1045000184	二百五十万精力宝石	1
600098	1045000268	六亿点经验包	1
600098	1045000268	六亿点经验包	1
600098	1045000268	六亿点经验包	1
600098	1042200101	素材之星・天上	1
600098	1042200101	素材之星・天上	1
600098	1045012001	行动值小礼包	1
600098	1045000022	1小时3倍经验卡	1
600098	1045000022	1小时3倍经验卡	1
600098	1045000182	二百五十万生命宝石	1
600098	1045000184	二百五十万精力宝石	1
600099	1045000268	六亿点经验包	1
600099	1045000268	六亿点经验包	1
600099	1045000268	六亿点经验包	1
600099	1042200101	素材之星・天上	1
600099	1042200101	素材之星・天上	1
600099	1045012001	行动值小礼包	1
600099	1045000022	1小时3倍经验卡	1
600099	1045000022	1小时3倍经验卡	1
600099	1045000182	二百五十万生命宝石	1
600099	1045000184	二百五十万精力宝石	1
600100	1045000269	六亿五千万点经验包	1
600100	1045000269	六亿五千万点经验包	1
600100	1045000269	六亿五千万点经验包	1
600100	1042200101	素材之星・天上	1
600100	1042200101	素材之星・天上	1
600100	1045012001	行动值小礼包	1
600100	1045000022	1小时3倍经验卡	1
600100	1045000022	1小时3倍经验卡	1
600100	1045000182	二百五十万生命宝石	1
600100	1045000184	二百五十万精力宝石	1
600101	1045000357	七亿五千万点经验包	1
600101	1045000357	七亿五千万点经验包	1
600101	1045000357	七亿五千万点经验包	1
600101	1042200101	素材之星・天上	1
600101	1042200101	素材之星・天上	1
600101	1045012001	行动值小礼包	1
600101	1045000022	1小时3倍经验卡	1
600101	1045000022	1小时3倍经验卡	1
600101	1045000182	二百五十万生命宝石	1
600101	1045000184	二百五十万精力宝石	1
600102	1045000358	八亿五千万点经验包	1
600102	1045000358	八亿五千万点经验包	1
600102	1045000358	八亿五千万点经验包	1
600102	1042200101	素材之星・天上	1
600102	1042200101	素材之星・天上	1
600102	1045012001	行动值小礼包	1
600102	1045000022	1小时3倍经验卡	1
600102	1045000022	1小时3倍经验卡	1
600102	1045000182	二百五十万生命宝石	1
600102	1045000184	二百五十万精力宝石	1
600103	1045000359	九亿五千万点经验包	1
600103	1045000359	九亿五千万点经验包	1
600103	1045000359	九亿五千万点经验包	1
600103	1042200101	素材之星・天上	1
600103	1042200101	素材之星・天上	1
600103	1045012001	行动值小礼包	1
600103	1045000022	1小时3倍经验卡	1
600103	1045000022	1小时3倍经验卡	1
600103	1045000182	二百五十万生命宝石	1
600103	1045000184	二百五十万精力宝石	1
600104	1045000360	十亿五千万点经验包	1
600104	1045000360	十亿五千万点经验包	1
600104	1045000360	十亿五千万点经验包	1
600104	1042200101	素材之星・天上	1
600104	1042200101	素材之星・天上	1
600104	1045012001	行动值小礼包	1
600104	1045000022	1小时3倍经验卡	1
600104	1045000022	1小时3倍经验卡	1
600104	1045000182	二百五十万生命宝石	1
600104	1045000184	二百五十万精力宝石	1
600105	1045000361	十一亿五千万点经验包	1
600105	1045000361	十一亿五千万点经验包	1
600105	1045000361	十一亿五千万点经验包	1
600105	1042200101	素材之星・天上	1
600105	1042200101	素材之星・天上	1
600105	1045012001	行动值小礼包	1
600105	1045000022	1小时3倍经验卡	1
600105	1045000022	1小时3倍经验卡	1
600105	1045000182	二百五十万生命宝石	1
600105	1045000184	二百五十万精力宝石	1
600106	1045000362	十二亿五千万点经验包	1
600106	1045000362	十二亿五千万点经验包	1
600106	1045000362	十二亿五千万点经验包	1
600106	1042200101	素材之星・天上	1
600106	1042200101	素材之星・天上	1
600106	1045012001	行动值小礼包	1
600106	1045000022	1小时3倍经验卡	1
600106	1045000022	1小时3倍经验卡	1
600106	1045000182	二百五十万生命宝石	1
600106	1045000184	二百五十万精力宝石	1
600107	1045000363	十三亿五千万点经验包	1
600107	1045000363	十三亿五千万点经验包	1
600107	1045000363	十三亿五千万点经验包	1
600107	1042200101	素材之星・天上	1
600107	1042200101	素材之星・天上	1
600107	1045012001	行动值小礼包	1
600107	1045000022	1小时3倍经验卡	1
600107	1045000022	1小时3倍经验卡	1
600107	1045000182	二百五十万生命宝石	1
600107	1045000184	二百五十万精力宝石	1
600108	1045000364	十四亿五千万点经验包	1
600108	1045000364	十四亿五千万点经验包	1
600108	1045000364	十四亿五千万点经验包	1
600108	1042200101	素材之星・天上	1
600108	1042200101	素材之星・天上	1
600108	1045012001	行动值小礼包	1
600108	1045000022	1小时3倍经验卡	1
600108	1045000022	1小时3倍经验卡	1
600108	1045000182	二百五十万生命宝石	1
600108	1045000184	二百五十万精力宝石	1
600109	1045000365	十五亿五千万点经验包	1
600109	1045000365	十五亿五千万点经验包	1
600109	1045000365	十五亿五千万点经验包	1
600109	1042200101	素材之星・天上	1
600109	1042200101	素材之星・天上	1
600109	1045012001	行动值小礼包	1
600109	1045000022	1小时3倍经验卡	1
600109	1045000022	1小时3倍经验卡	1
600109	1045000182	二百五十万生命宝石	1
600109	1045000184	二百五十万精力宝石	1
600110	1045000366	十六亿五千万点经验包	1
600110	1045000366	十六亿五千万点经验包	1
600110	1045000366	十六亿五千万点经验包	1
600110	1042200101	素材之星・天上	1
600110	1042200101	素材之星・天上	1
600110	1045012001	行动值小礼包	1
600110	1045000022	1小时3倍经验卡	1
600110	1045000022	1小时3倍经验卡	1
600110	1045000182	二百五十万生命宝石	1
600110	1045000184	二百五十万精力宝石	1