989066342
5345
70007
3083141
254812558
2088275916
六月-68
100059847
701150
641921080
88668866
624123
21418888
109009885
321653
游世狂侠
13606238780
3251201
287022323
4336598000
506030
8236185408
148100
950300
9809876
5664731789
81010534
913000972
5635850958
989379274334
163527
838080123
1234561234561
517012
二月-85
2412125
23024
5433221292
6635352176
21496
59186056333
9396124272
200789
2156152940
5943843370
89862218618
7080960
611001
77942077942
51586411408
jugt1973
9896798657568
9172912
9988777
1147402961
依然可爱的公主
121102141
1005263099
118852879
