id	skillType	skillLevel	needPoint	needMoney	needGoods	needTime	proofGoods	proofPoint	needExp	needPetLevel	needPetJob
序列ID	技能类型	技能等级	需要金币	需要元宝	需要物品	需要时间	第一次学习需要的认证物品	第一次学习需要的金币	需要学习的经验	需要宠物等级	需要宠物职业
1	1	1	10000	0	0	600000	0	0	500	1	1:101
2	1	2	10000	0	0	600000	0	100000	1500	1000	1:101
3	1	3	10000	0	0	600000	0	500000	2500	2000	1:101
4	1	4	10000	0	0	600000	0	1000000	4000	3000	1:101
5	1	5	50000	0	0	600000	0	2000000	6000	4000	1:101
6	1	6	50000	0	0	600000	0	3000000	8000	4500	1:101
7	1	7	50000	0	0	600000	0	4000000	10000	5000	1:101
8	1	8	50000	0	0	600000	0	5000000	15000	5500	1:101
9	1	9	200000	0	0	600000	1045010408:30|1042200301:60	0	15000	1000	101
10	1	10	200000	0	0	600000	1042010106:60	0	15000	2000	101
11	1	11	200000	0	0	600000	1050000001:10	0	16000	3000	101
12	1	12	200000	0	0	600000	1045030002:10	0	17000	4000	101
13	1	13	200000	0	0	600000	1042010105:5	0	18000	5000	101
14	1	14	200000	0	0	600000	1045000294:2	0	19000	6000	101
15	1	15	200000	0	0	600000	1045010406:2	0	20000	6500	101
16	2	1	0	0	1045010407:1	0	0	0	500	1	1:101
17	2	2	0	0	1045010407:1	0	0	100000	1500	1000	1:101
18	2	3	0	0	1045010407:1	0	0	500000	2500	2000	1:101
19	2	4	0	0	1045010407:1	0	0	1000000	4000	3000	1:101
20	2	5	0	0	1045010407:1	0	0	2000000	6000	4000	1:101
21	2	6	0	0	1045010407:1	0	0	3000000	8000	4500	1:101
22	2	7	0	0	1045010407:1	0	0	4000000	10000	5000	1:101
23	2	8	0	0	1045010407:1	0	0	5000000	15000	5500	1:101
24	2	9	0	0	1045010407:1	0	1045010408:30|1042200301:60	0	15000	1000	101
25	2	10	0	0	1045010407:1	0	1042010106:60	0	15000	2000	101
26	2	11	0	0	1045010407:1	0	1050000001:10	0	16000	3000	101
27	2	12	0	0	1045010407:1	0	1045030002:10	0	17000	4000	101
28	2	13	0	0	1045010407:1	0	1042010105:5	0	18000	5000	101
29	2	14	0	0	1045010407:1	0	1045000294:2	0	19000	6000	101
30	2	15	0	0	1045010407:1	0	1045010406:2	0	20000	6500	101
31	3	1	10000	0	0	600000	0	0	500	1	2:102
32	3	2	10000	0	0	600000	0	100000	1500	1000	2:102
33	3	3	10000	0	0	600000	0	500000	2500	2000	2:102
34	3	4	10000	0	0	600000	0	1000000	4000	3000	2:102
35	3	5	50000	0	0	600000	0	2000000	6000	4000	2:102
36	3	6	50000	0	0	600000	0	3000000	8000	4500	2:102
37	3	7	50000	0	0	600000	0	4000000	10000	5000	2:102
38	3	8	50000	0	0	600000	0	5000000	15000	5500	2:102
39	3	9	200000	0	0	600000	1045010408:30|1042200301:60	0	15000	1000	102
40	3	10	200000	0	0	600000	1042010106:60	0	15000	2000	102
41	3	11	200000	0	0	600000	1050000001:10	0	16000	3000	102
42	3	12	200000	0	0	600000	1045030002:10	0	17000	4000	102
43	3	13	200000	0	0	600000	1042010105:5	0	18000	5000	102
44	3	14	200000	0	0	600000	1045000294:2	0	19000	6000	102
45	3	15	200000	0	0	600000	1045010406:2	0	20000	6500	102
46	4	1	0	0	1045010407:1	0	0	0	500	1	2:102
47	4	2	0	0	1045010407:1	0	0	100000	1500	1000	2:102
48	4	3	0	0	1045010407:1	0	0	500000	2500	2000	2:102
49	4	4	0	0	1045010407:1	0	0	1000000	4000	3000	2:102
50	4	5	0	0	1045010407:1	0	0	2000000	6000	4000	2:102
51	4	6	0	0	1045010407:1	0	0	3000000	8000	4500	2:102
52	4	7	0	0	1045010407:1	0	0	4000000	10000	5000	2:102
53	4	8	0	0	1045010407:1	0	0	5000000	15000	5500	2:102
54	4	9	0	0	1045010407:1	0	1045010408:30|1042200301:60	0	15000	1000	102
55	4	10	0	0	1045010407:1	0	1042010106:60	0	15000	2000	102
56	4	11	0	0	1045010407:1	0	1050000001:10	0	16000	3000	102
57	4	12	0	0	1045010407:1	0	1045030002:10	0	17000	4000	102
58	4	13	0	0	1045010407:1	0	1042010105:5	0	18000	5000	102
59	4	14	0	0	1045010407:1	0	1045000294:2	0	19000	6000	102
60	4	15	0	0	1045010407:1	0	1045010406:2	0	20000	6500	102
61	5	1	10000	0	0	600000	0	0	500	1	1:101
62	5	2	10000	0	0	600000	0	100000	1500	1	1:101
63	5	3	10000	0	0	600000	0	500000	2500	1	1:101
64	5	4	10000	0	0	600000	0	1000000	4000	1	1:101
65	5	5	50000	0	0	600000	0	2000000	6000	1	1:101
66	5	6	50000	0	0	600000	0	3000000	8000	1	1:101
67	5	7	50000	0	0	600000	0	4000000	10000	1	1:101
68	5	8	50000	0	0	600000	0	5000000	15000	1	1:101
69	5	9	200000	0	0	600000	1045010408:30|1042200301:60	0	15000	1	1:101
70	5	10	200000	0	0	600000	1042010106:60	0	15000	1	1:101
71	5	11	200000	0	0	600000	1050000001:10	0	16000	1	1:101
72	5	12	200000	0	0	600000	1045030002:10	0	17000	1	1:101
73	5	13	200000	0	0	600000	1042010105:5	0	18000	1	1:101
74	5	14	200000	0	0	600000	1045000294:2	0	19000	1	1:101
75	5	15	200000	0	0	600000	1045010406:2	0	20000	1	1:101
76	6	1	10000	0	0	600000	0	0	500	1	2:102
77	6	2	10000	0	0	600000	0	100000	1500	1	2:102
78	6	3	10000	0	0	600000	0	500000	2500	1	2:102
79	6	4	10000	0	0	600000	0	1000000	4000	1	2:102
80	6	5	50000	0	0	600000	0	2000000	6000	1	2:102
81	6	6	50000	0	0	600000	0	3000000	8000	1	2:102
82	6	7	50000	0	0	600000	0	4000000	10000	1	2:102
83	6	8	50000	0	0	600000	0	5000000	15000	1	2:102
84	6	9	200000	0	0	600000	1045010408:30|1042200301:60	0	15000	1	2:102
85	6	10	200000	0	0	600000	1042010106:60	0	15000	1	2:102
86	6	11	200000	0	0	600000	1050000001:10	0	16000	1	2:102
87	6	12	200000	0	0	600000	1045030002:10	0	17000	1	2:102
88	6	13	200000	0	0	600000	1042010105:5	0	18000	1	2:102
89	6	14	200000	0	0	600000	1045000294:2	0	19000	1	2:102
90	6	15	200000	0	0	600000	1045010406:2	0	20000	1	2:102
91	7	1	10000	0	0	600000	0	0	500	1	3:103
92	7	2	10000	0	0	600000	0	100000	1500	1000	3:103
93	7	3	10000	0	0	600000	0	500000	2500	2000	3:103
94	7	4	10000	0	0	600000	0	1000000	4000	3000	3:103
95	7	5	50000	0	0	600000	0	2000000	6000	4000	3:103
96	7	6	50000	0	0	600000	0	3000000	8000	4500	3:103
97	7	7	50000	0	0	600000	0	4000000	10000	5000	3:103
98	7	8	50000	0	0	600000	0	5000000	15000	5500	3:103
99	7	9	200000	0	0	600000	1045010408:30|1042200301:60	0	15000	1000	103
100	7	10	200000	0	0	600000	1042010106:60	0	15000	2000	103
101	7	11	200000	0	0	600000	1050000001:10	0	16000	3000	103
102	7	12	200000	0	0	600000	1045030002:10	0	17000	4000	103
103	7	13	200000	0	0	600000	1042010105:5	0	18000	5000	103
104	7	14	200000	0	0	600000	1045000294:2	0	19000	6000	103
105	7	15	200000	0	0	600000	1045010406:2	0	20000	6500	103
106	8	1	10000	0	0	600000	0	0	500	1	3:103
107	8	2	10000	0	0	600000	0	100000	1500	1	3:103
108	8	3	10000	0	0	600000	0	500000	2500	1	3:103
109	8	4	10000	0	0	600000	0	1000000	4000	1	3:103
110	8	5	50000	0	0	600000	0	2000000	6000	1	3:103
111	8	6	50000	0	0	600000	0	3000000	8000	1	3:103
112	8	7	50000	0	0	600000	0	4000000	10000	1	3:103
113	8	8	50000	0	0	600000	0	5000000	15000	1	3:103
114	8	9	200000	0	0	600000	1045010408:30|1042200301:60	0	15000	1	3:103
115	8	10	200000	0	0	600000	1042010106:60	0	15000	1	3:103
116	8	11	200000	0	0	600000	1050000001:10	0	16000	1	3:103
117	8	12	200000	0	0	600000	1045030002:10	0	17000	1	3:103
118	8	13	200000	0	0	600000	1042010105:5	0	18000	1	3:103
119	8	14	200000	0	0	600000	1045000294:2	0	19000	1	3:103
120	8	15	200000	0	0	600000	1045010406:2	0	20000	1	3:103
121	9	1	10000	0	0	600000	0	0	500	1	4:104
122	9	2	10000	0	0	600000	0	100000	1500	1000	4:104
123	9	3	10000	0	0	600000	0	500000	2500	2000	4:104
124	9	4	10000	0	0	600000	0	1000000	4000	3000	4:104
125	9	5	50000	0	0	600000	0	2000000	6000	4000	4:104
126	9	6	50000	0	0	600000	0	3000000	8000	4500	4:104
127	9	7	50000	0	0	600000	0	4000000	10000	5000	4:104
128	9	8	50000	0	0	600000	0	5000000	15000	5500	4:104
129	9	9	200000	0	0	600000	1045010408:30|1042200301:60	0	15000	1000	104
130	9	10	200000	0	0	600000	1042010106:60	0	15000	2000	104
131	9	11	200000	0	0	600000	1050000001:10	0	16000	3000	104
132	9	12	200000	0	0	600000	1045030002:10	0	17000	4000	104
133	9	13	200000	0	0	600000	1042010105:5	0	18000	5000	104
134	9	14	200000	0	0	600000	1045000294:2	0	19000	6000	104
135	9	15	200000	0	0	600000	1045010406:2	0	20000	6500	104
136	10	1	10000	0	0	600000	0	0	500	1	4:104
137	10	2	10000	0	0	600000	0	100000	1500	1	4:104
138	10	3	10000	0	0	600000	0	500000	2500	1	4:104
139	10	4	10000	0	0	600000	0	1000000	4000	1	4:104
140	10	5	50000	0	0	600000	0	2000000	6000	1	4:104
141	10	6	50000	0	0	600000	0	3000000	8000	1	4:104
142	10	7	50000	0	0	600000	0	4000000	10000	1	4:104
143	10	8	50000	0	0	600000	0	5000000	15000	1	4:104
144	10	9	200000	0	0	600000	1045010408:30|1042200301:60	0	15000	1	4:104
145	10	10	200000	0	0	600000	1042010106:60	0	15000	1	4:104
146	10	11	200000	0	0	600000	1050000001:10	0	16000	1	4:104
147	10	12	200000	0	0	600000	1045030002:10	0	17000	1	4:104
148	10	13	200000	0	0	600000	1042010105:5	0	18000	1	4:104
149	10	14	200000	0	0	600000	1045000294:2	0	19000	1	4:104
150	10	15	200000	0	0	600000	1045010406:2	0	20000	1	4:104
151	111	1	0	0	1045010407:1	0	0	0	500	1	3:103
152	111	2	0	0	1045010407:1	0	0	100000	1500	1000	3:103
153	111	3	0	0	1045010407:1	0	0	500000	2500	2000	3:103
154	111	4	0	0	1045010407:1	0	0	1000000	4000	3000	3:103
155	111	5	0	0	1045010407:1	0	0	2000000	6000	4000	3:103
156	111	6	0	0	1045010407:1	0	0	3000000	8000	4500	3:103
157	111	7	0	0	1045010407:1	0	0	4000000	10000	5000	3:103
158	111	8	0	0	1045010407:1	0	0	5000000	15000	5500	3:103
159	111	9	0	0	1045010407:1	0	1045010408:30|1042200301:60	0	15000	1000	103
160	111	10	0	0	1045010407:1	0	1042010106:60	0	15000	2000	103
161	111	11	0	0	1045010407:1	0	1050000001:10	0	16000	3000	103
162	111	12	0	0	1045010407:1	0	1045030002:10	0	17000	4000	103
163	111	13	0	0	1045010407:1	0	1042010105:5	0	18000	5000	103
164	111	14	0	0	1045010407:1	0	1045000294:2	0	19000	6000	103
165	111	15	0	0	1045010407:1	0	1045010406:2	0	20000	6500	103
166	112	1	0	0	1045010407:1	0	0	0	500	1	4:104
167	112	2	0	0	1045010407:1	0	0	100000	1500	1000	4:104
168	112	3	0	0	1045010407:1	0	0	500000	2500	2000	4:104
169	112	4	0	0	1045010407:1	0	0	1000000	4000	3000	4:104
170	112	5	0	0	1045010407:1	0	0	2000000	6000	4000	4:104
171	112	6	0	0	1045010407:1	0	0	3000000	8000	4500	4:104
172	112	7	0	0	1045010407:1	0	0	4000000	10000	5000	4:104
173	112	8	0	0	1045010407:1	0	0	5000000	15000	5500	4:104
174	112	9	0	0	1045010407:1	0	1045010408:30|1042200301:60	0	15000	1000	104
175	112	10	0	0	1045010407:1	0	1042010106:60	0	15000	2000	104
176	112	11	0	0	1045010407:1	0	1050000001:10	0	16000	3000	104
177	112	12	0	0	1045010407:1	0	1045030002:10	0	17000	4000	104
178	112	13	0	0	1045010407:1	0	1042010105:5	0	18000	5000	104
179	112	14	0	0	1045010407:1	0	1045000294:2	0	19000	6000	104
180	112	15	0	0	1045010407:1	0	1045010406:2	0	20000	6500	104
181	113	1	0	0	1045010407:1	0	0	0	500	1	7:107
182	113	2	0	0	1045010407:1	0	0	100000	1500	1000	7:107
183	113	3	0	0	1045010407:1	0	0	500000	2500	2000	7:107
184	113	4	0	0	1045010407:1	0	0	1000000	4000	3000	7:107
185	113	5	0	0	1045010407:1	0	0	2000000	6000	4000	7:107
186	113	6	0	0	1045010407:1	0	0	3000000	8000	4500	7:107
187	113	7	0	0	1045010407:1	0	0	4000000	10000	5000	7:107
188	113	8	0	0	1045010407:1	0	0	5000000	15000	5500	7:107
189	113	9	0	0	1045010407:1	0	1045010408:30|1042200301:60	0	15000	1000	107
190	113	10	0	0	1045010407:1	0	1042010106:60	0	15000	2000	107
191	113	11	0	0	1045010407:1	0	1050000001:10	0	16000	3000	107
192	113	12	0	0	1045010407:1	0	1045030002:10	0	17000	4000	107
193	113	13	0	0	1045010407:1	0	1042010105:5	0	18000	5000	107
194	113	14	0	0	1045010407:1	0	1045000294:2	0	19000	6000	107
195	113	15	0	0	1045010407:1	0	1045010406:2	0	20000	6500	107
196	114	1	0	0	1045010407:1	0	0	0	500	1	8:108
197	114	2	0	0	1045010407:1	0	0	100000	1500	1000	8:108
198	114	3	0	0	1045010407:1	0	0	500000	2500	2000	8:108
199	114	4	0	0	1045010407:1	0	0	1000000	4000	3000	8:108
200	114	5	0	0	1045010407:1	0	0	2000000	6000	4000	8:108
201	114	6	0	0	1045010407:1	0	0	3000000	8000	4500	8:108
202	114	7	0	0	1045010407:1	0	0	4000000	10000	5000	8:108
203	114	8	0	0	1045010407:1	0	0	5000000	15000	5500	8:108
204	114	9	0	0	1045010407:1	0	1045010408:30|1042200301:60	0	15000	1000	108
205	114	10	0	0	1045010407:1	0	1042010106:60	0	15000	2000	108
206	114	11	0	0	1045010407:1	0	1050000001:10	0	16000	3000	108
207	114	12	0	0	1045010407:1	0	1045030002:10	0	17000	4000	108
208	114	13	0	0	1045010407:1	0	1042010105:5	0	18000	5000	108
209	114	14	0	0	1045010407:1	0	1045000294:2	0	19000	6000	108
210	114	15	0	0	1045010407:1	0	1045010406:2	0	20000	6500	108
211	115	1	0	0	1045010407:1	0	0	0	500	1	11:111
212	115	2	0	0	1045010407:1	0	0	100000	1500	1000	11:111
213	115	3	0	0	1045010407:1	0	0	500000	2500	2000	11:111
214	115	4	0	0	1045010407:1	0	0	1000000	4000	3000	11:111
215	115	5	0	0	1045010407:1	0	0	2000000	6000	4000	11:111
216	115	6	0	0	1045010407:1	0	0	3000000	8000	4500	11:111
217	115	7	0	0	1045010407:1	0	0	4000000	10000	5000	11:111
218	115	8	0	0	1045010407:1	0	0	5000000	15000	5500	11:111
219	115	9	0	0	1045010407:1	0	1045010408:30|1042200301:60	0	15000	1000	111
220	115	10	0	0	1045010407:1	0	1042010106:60	0	15000	2000	111
221	115	11	0	0	1045010407:1	0	1050000001:10	0	16000	3000	111
222	115	12	0	0	1045010407:1	0	1045030002:10	0	17000	4000	111
223	115	13	0	0	1045010407:1	0	1042010105:5	0	18000	5000	111
224	115	14	0	0	1045010407:1	0	1045000294:2	0	19000	6000	111
225	115	15	0	0	1045010407:1	0	1045010406:2	0	20000	6500	111
226	116	1	0	0	1045010407:1	0	0	0	500	1	12:112
227	116	2	0	0	1045010407:1	0	0	100000	1500	1000	12:112
228	116	3	0	0	1045010407:1	0	0	500000	2500	2000	12:112
229	116	4	0	0	1045010407:1	0	0	1000000	4000	3000	12:112
230	116	5	0	0	1045010407:1	0	0	2000000	6000	4000	12:112
231	116	6	0	0	1045010407:1	0	0	3000000	8000	4500	12:112
232	116	7	0	0	1045010407:1	0	0	4000000	10000	5000	12:112
233	116	8	0	0	1045010407:1	0	0	5000000	15000	5500	12:112
234	116	9	0	0	1045010407:1	0	1045010408:30|1042200301:60	0	15000	1000	112
235	116	10	0	0	1045010407:1	0	1042010106:60	0	15000	2000	112
236	116	11	0	0	1045010407:1	0	1050000001:10	0	16000	3000	112
237	116	12	0	0	1045010407:1	0	1045030002:10	0	17000	4000	112
238	116	13	0	0	1045010407:1	0	1042010105:5	0	18000	5000	112
239	116	14	0	0	1045010407:1	0	1045000294:2	0	19000	6000	112
240	116	15	0	0	1045010407:1	0	1045010406:2	0	20000	6500	112
241	11	1	10000	0	0	600000	0	0	500	1	5:105
242	11	2	10000	0	0	600000	0	100000	1500	1000	5:105
243	11	3	10000	0	0	600000	0	500000	2500	2000	5:105
244	11	4	10000	0	0	600000	0	1000000	4000	3000	5:105
245	11	5	50000	0	0	600000	0	2000000	6000	4000	5:105
246	11	6	50000	0	0	600000	0	3000000	8000	4500	5:105
247	11	7	50000	0	0	600000	0	4000000	10000	5000	5:105
248	11	8	50000	0	0	600000	0	5000000	15000	5500	5:105
249	11	9	200000	0	0	600000	1045010408:30|1042200301:60	0	15000	1000	105
250	11	10	200000	0	0	600000	1042010106:60	0	15000	2000	105
251	11	11	200000	0	0	600000	1050000001:10	0	16000	3000	105
252	11	12	200000	0	0	600000	1045030002:10	0	17000	4000	105
253	11	13	200000	0	0	600000	1042010105:5	0	18000	5000	105
254	11	14	200000	0	0	600000	1045000294:2	0	19000	6000	105
255	11	15	200000	0	0	600000	1045010406:2	0	20000	6500	105
256	12	1	0	0	1045010407:1	0	0	0	500	1	5:105
257	12	2	0	0	1045010407:1	0	0	100000	1500	1000	5:105
258	12	3	0	0	1045010407:1	0	0	500000	2500	2000	5:105
259	12	4	0	0	1045010407:1	0	0	1000000	4000	3000	5:105
260	12	5	0	0	1045010407:1	0	0	2000000	6000	4000	5:105
261	12	6	0	0	1045010407:1	0	0	3000000	8000	4500	5:105
262	12	7	0	0	1045010407:1	0	0	4000000	10000	5000	5:105
263	12	8	0	0	1045010407:1	0	0	5000000	15000	5500	5:105
264	12	9	0	0	1045010407:1	0	1045010408:30|1042200301:60	0	15000	1000	105
265	12	10	0	0	1045010407:1	0	1042010106:60	0	15000	2000	105
266	12	11	0	0	1045010407:1	0	1050000001:10	0	16000	3000	105
267	12	12	0	0	1045010407:1	0	1045030002:10	0	17000	4000	105
268	12	13	0	0	1045010407:1	0	1042010105:5	0	18000	5000	105
269	12	14	0	0	1045010407:1	0	1045000294:2	0	19000	6000	105
270	12	15	0	0	1045010407:1	0	1045010406:2	0	20000	6500	105
271	13	1	10000	0	0	600000	0	0	500	1	5:105
272	13	2	10000	0	0	600000	0	100000	1500	1	5:105
273	13	3	10000	0	0	600000	0	500000	2500	1	5:105
274	13	4	10000	0	0	600000	0	1000000	4000	1	5:105
275	13	5	50000	0	0	600000	0	2000000	6000	1	5:105
276	13	6	50000	0	0	600000	0	3000000	8000	1	5:105
277	13	7	50000	0	0	600000	0	4000000	10000	1	5:105
278	13	8	50000	0	0	600000	0	5000000	15000	1	5:105
279	13	9	200000	0	0	600000	1045010408:30|1042200301:60	0	15000	1	5:105
280	13	10	200000	0	0	600000	1042010106:60	0	15000	1	5:105
281	13	11	200000	0	0	600000	1050000001:10	0	16000	1	5:105
282	13	12	200000	0	0	600000	1045030002:10	0	17000	1	5:105
283	13	13	200000	0	0	600000	1042010105:5	0	18000	1	5:105
284	13	14	200000	0	0	600000	1045000294:2	0	19000	1	5:105
285	13	15	200000	0	0	600000	1045010406:2	0	20000	1	5:105
286	14	1	10000	0	0	600000	0	0	500	1	6:106
287	14	2	10000	0	0	600000	0	100000	1500	1000	6:106
288	14	3	10000	0	0	600000	0	500000	2500	2000	6:106
289	14	4	10000	0	0	600000	0	1000000	4000	3000	6:106
290	14	5	50000	0	0	600000	0	2000000	6000	4000	6:106
291	14	6	50000	0	0	600000	0	3000000	8000	4500	6:106
292	14	7	50000	0	0	600000	0	4000000	10000	5000	6:106
293	14	8	50000	0	0	600000	0	5000000	15000	5500	6:106
294	14	9	200000	0	0	600000	1045010408:30|1042200301:60	0	15000	1000	106
295	14	10	200000	0	0	600000	1042010106:60	0	15000	2000	106
296	14	11	200000	0	0	600000	1050000001:10	0	16000	3000	106
297	14	12	200000	0	0	600000	1045030002:10	0	17000	4000	106
298	14	13	200000	0	0	600000	1042010105:5	0	18000	5000	106
299	14	14	200000	0	0	600000	1045000294:2	0	19000	6000	106
300	14	15	200000	0	0	600000	1045010406:2	0	20000	6500	106
301	15	1	0	0	1045010407:1	0	0	0	500	1	6:106
302	15	2	0	0	1045010407:1	0	0	100000	1500	1000	6:106
303	15	3	0	0	1045010407:1	0	0	500000	2500	2000	6:106
304	15	4	0	0	1045010407:1	0	0	1000000	4000	3000	6:106
305	15	5	0	0	1045010407:1	0	0	2000000	6000	4000	6:106
306	15	6	0	0	1045010407:1	0	0	3000000	8000	4500	6:106
307	15	7	0	0	1045010407:1	0	0	4000000	10000	5000	6:106
308	15	8	0	0	1045010407:1	0	0	5000000	15000	5500	6:106
309	15	9	0	0	1045010407:1	0	1045010408:30|1042200301:60	0	15000	1000	106
310	15	10	0	0	1045010407:1	0	1042010106:60	0	15000	2000	106
311	15	11	0	0	1045010407:1	0	1050000001:10	0	16000	3000	106
312	15	12	0	0	1045010407:1	0	1045030002:10	0	17000	4000	106
313	15	13	0	0	1045010407:1	0	1042010105:5	0	18000	5000	106
314	15	14	0	0	1045010407:1	0	1045000294:2	0	19000	6000	106
315	15	15	0	0	1045010407:1	0	1045010406:2	0	20000	6500	106
316	16	1	10000	0	0	600000	0	0	500	1	6:106
317	16	2	10000	0	0	600000	0	100000	1500	1	6:106
318	16	3	10000	0	0	600000	0	500000	2500	1	6:106
319	16	4	10000	0	0	600000	0	1000000	4000	1	6:106
320	16	5	50000	0	0	600000	0	2000000	6000	1	6:106
321	16	6	50000	0	0	600000	0	3000000	8000	1	6:106
322	16	7	50000	0	0	600000	0	4000000	10000	1	6:106
323	16	8	50000	0	0	600000	0	5000000	15000	1	6:106
324	16	9	200000	0	0	600000	1045010408:30|1042200301:60	0	15000	1	6:106
325	16	10	200000	0	0	600000	1042010106:60	0	15000	1	6:106
326	16	11	200000	0	0	600000	1050000001:10	0	16000	1	6:106
327	16	12	200000	0	0	600000	1045030002:10	0	17000	1	6:106
328	16	13	200000	0	0	600000	1042010105:5	0	18000	1	6:106
329	16	14	200000	0	0	600000	1045000294:2	0	19000	1	6:106
330	16	15	200000	0	0	600000	1045010406:2	0	20000	1	6:106
331	17	1	10000	0	0	600000	0	0	500	1	7:107
332	17	2	10000	0	0	600000	0	100000	1500	1000	7:107
333	17	3	10000	0	0	600000	0	500000	2500	2000	7:107
334	17	4	10000	0	0	600000	0	1000000	4000	3000	7:107
335	17	5	50000	0	0	600000	0	2000000	6000	4000	7:107
336	17	6	50000	0	0	600000	0	3000000	8000	4500	7:107
337	17	7	50000	0	0	600000	0	4000000	10000	5000	7:107
338	17	8	50000	0	0	600000	0	5000000	15000	5500	7:107
339	17	9	200000	0	0	600000	1045010408:30|1042200301:60	0	15000	1000	107
340	17	10	200000	0	0	600000	1042010106:60	0	15000	2000	107
341	17	11	200000	0	0	600000	1050000001:10	0	16000	3000	107
342	17	12	200000	0	0	600000	1045030002:10	0	17000	4000	107
343	17	13	200000	0	0	600000	1042010105:5	0	18000	5000	107
344	17	14	200000	0	0	600000	1045000294:2	0	19000	6000	107
345	17	15	200000	0	0	600000	1045010406:2	0	20000	6500	107
346	18	1	10000	0	0	600000	0	0	500	1	7:107
347	18	2	10000	0	0	600000	0	100000	1500	1	7:107
348	18	3	10000	0	0	600000	0	500000	2500	1	7:107
349	18	4	10000	0	0	600000	0	1000000	4000	1	7:107
350	18	5	50000	0	0	600000	0	2000000	6000	1	7:107
351	18	6	50000	0	0	600000	0	3000000	8000	1	7:107
352	18	7	50000	0	0	600000	0	4000000	10000	1	7:107
353	18	8	50000	0	0	600000	0	5000000	15000	1	7:107
354	18	9	200000	0	0	600000	1045010408:30|1042200301:60	0	15000	1	7:107
355	18	10	200000	0	0	600000	1042010106:60	0	15000	1	7:107
356	18	11	200000	0	0	600000	1050000001:10	0	16000	1	7:107
357	18	12	200000	0	0	600000	1045030002:10	0	17000	1	7:107
358	18	13	200000	0	0	600000	1042010105:5	0	18000	1	7:107
359	18	14	200000	0	0	600000	1045000294:2	0	19000	1	7:107
360	18	15	200000	0	0	600000	1045010406:2	0	20000	1	7:107
361	19	1	10000	0	0	600000	0	0	500	1	8:108
362	19	2	10000	0	0	600000	0	100000	1500	1000	8:108
363	19	3	10000	0	0	600000	0	500000	2500	2000	8:108
364	19	4	10000	0	0	600000	0	1000000	4000	3000	8:108
365	19	5	50000	0	0	600000	0	2000000	6000	4000	8:108
366	19	6	50000	0	0	600000	0	3000000	8000	4500	8:108
367	19	7	50000	0	0	600000	0	4000000	10000	5000	8:108
368	19	8	50000	0	0	600000	0	5000000	15000	5500	8:108
369	19	9	200000	0	0	600000	1045010408:30|1042200301:60	0	15000	1000	108
370	19	10	200000	0	0	600000	1042010106:60	0	15000	2000	108
371	19	11	200000	0	0	600000	1050000001:10	0	16000	3000	108
372	19	12	200000	0	0	600000	1045030002:10	0	17000	4000	108
373	19	13	200000	0	0	600000	1042010105:5	0	18000	5000	108
374	19	14	200000	0	0	600000	1045000294:2	0	19000	6000	108
375	19	15	200000	0	0	600000	1045010406:2	0	20000	6500	108
376	20	1	10000	0	0	600000	0	0	500	1	8:108
377	20	2	10000	0	0	600000	0	100000	1500	1	8:108
378	20	3	10000	0	0	600000	0	500000	2500	1	8:108
379	20	4	10000	0	0	600000	0	1000000	4000	1	8:108
380	20	5	50000	0	0	600000	0	2000000	6000	1	8:108
381	20	6	50000	0	0	600000	0	3000000	8000	1	8:108
382	20	7	50000	0	0	600000	0	4000000	10000	1	8:108
383	20	8	50000	0	0	600000	0	5000000	15000	1	8:108
384	20	9	200000	0	0	600000	1045010408:30|1042200301:60	0	15000	1	8:108
385	20	10	200000	0	0	600000	1042010106:60	0	15000	1	8:108
386	20	11	200000	0	0	600000	1050000001:10	0	16000	1	8:108
387	20	12	200000	0	0	600000	1045030002:10	0	17000	1	8:108
388	20	13	200000	0	0	600000	1042010105:5	0	18000	1	8:108
389	20	14	200000	0	0	600000	1045000294:2	0	19000	1	8:108
390	20	15	200000	0	0	600000	1045010406:2	0	20000	1	8:108
391	21	1	10000	0	0	600000	0	0	500	1	9:109
392	21	2	10000	0	0	600000	0	100000	1500	1000	9:109
393	21	3	10000	0	0	600000	0	500000	2500	2000	9:109
394	21	4	10000	0	0	600000	0	1000000	4000	3000	9:109
395	21	5	50000	0	0	600000	0	2000000	6000	4000	9:109
396	21	6	50000	0	0	600000	0	3000000	8000	4500	9:109
397	21	7	50000	0	0	600000	0	4000000	10000	5000	9:109
398	21	8	50000	0	0	600000	0	5000000	15000	5500	9:109
399	21	9	200000	0	0	600000	1045010408:30|1042200301:60	0	15000	1000	109
400	21	10	200000	0	0	600000	1042010106:60	0	15000	2000	109
401	21	11	200000	0	0	600000	1050000001:10	0	16000	3000	109
402	21	12	200000	0	0	600000	1045030002:10	0	17000	4000	109
403	21	13	200000	0	0	600000	1042010105:5	0	18000	5000	109
404	21	14	200000	0	0	600000	1045000294:2	0	19000	6000	109
405	21	15	200000	0	0	600000	1045010406:2	0	20000	6500	109
406	22	1	10000	0	0	600000	0	0	500	1	9:109
407	22	2	10000	0	0	600000	0	100000	1500	1	9:109
408	22	3	10000	0	0	600000	0	500000	2500	1	9:109
409	22	4	10000	0	0	600000	0	1000000	4000	1	9:109
410	22	5	50000	0	0	600000	0	2000000	6000	1	9:109
411	22	6	50000	0	0	600000	0	3000000	8000	1	9:109
412	22	7	50000	0	0	600000	0	4000000	10000	1	9:109
413	22	8	50000	0	0	600000	0	5000000	15000	1	9:109
414	22	9	200000	0	0	600000	1045010408:30|1042200301:60	0	15000	1	9:109
415	22	10	200000	0	0	600000	1042010106:60	0	15000	1	9:109
416	22	11	200000	0	0	600000	1050000001:10	0	16000	1	9:109
417	22	12	200000	0	0	600000	1045030002:10	0	17000	1	9:109
418	22	13	200000	0	0	600000	1042010105:5	0	18000	1	9:109
419	22	14	200000	0	0	600000	1045000294:2	0	19000	1	9:109
420	22	15	200000	0	0	600000	1045010406:2	0	20000	1	9:109
421	23	1	10000	0	0	600000	0	0	500	1	10:110
422	23	2	10000	0	0	600000	0	100000	1500	1000	10:110
423	23	3	10000	0	0	600000	0	500000	2500	2000	10:110
424	23	4	10000	0	0	600000	0	1000000	4000	3000	10:110
425	23	5	50000	0	0	600000	0	2000000	6000	4000	10:110
426	23	6	50000	0	0	600000	0	3000000	8000	4500	10:110
427	23	7	50000	0	0	600000	0	4000000	10000	5000	10:110
428	23	8	50000	0	0	600000	0	5000000	15000	5500	10:110
429	23	9	200000	0	0	600000	1045010408:30|1042200301:60	0	15000	1000	110
430	23	10	200000	0	0	600000	1042010106:60	0	15000	2000	110
431	23	11	200000	0	0	600000	1050000001:10	0	16000	3000	110
432	23	12	200000	0	0	600000	1045030002:10	0	17000	4000	110
433	23	13	200000	0	0	600000	1042010105:5	0	18000	5000	110
434	23	14	200000	0	0	600000	1045000294:2	0	19000	6000	110
435	23	15	200000	0	0	600000	1045010406:2	0	20000	6500	110
436	24	1	10000	0	0	600000	0	0	500	1	10:110
437	24	2	10000	0	0	600000	0	100000	1500	1	10:110
438	24	3	10000	0	0	600000	0	500000	2500	1	10:110
439	24	4	10000	0	0	600000	0	1000000	4000	1	10:110
440	24	5	50000	0	0	600000	0	2000000	6000	1	10:110
441	24	6	50000	0	0	600000	0	3000000	8000	1	10:110
442	24	7	50000	0	0	600000	0	4000000	10000	1	10:110
443	24	8	50000	0	0	600000	0	5000000	15000	1	10:110
444	24	9	200000	0	0	600000	1045010408:30|1042200301:60	0	15000	1	10:110
445	24	10	200000	0	0	600000	1042010106:60	0	15000	1	10:110
446	24	11	200000	0	0	600000	1050000001:10	0	16000	1	10:110
447	24	12	200000	0	0	600000	1045030002:10	0	17000	1	10:110
448	24	13	200000	0	0	600000	1042010105:5	0	18000	1	10:110
449	24	14	200000	0	0	600000	1045000294:2	0	19000	1	10:110
450	24	15	200000	0	0	600000	1045010406:2	0	20000	1	10:110
451	25	1	0	0	1045010407:1	0	0	0	500	1	9:109
452	25	2	0	0	1045010407:1	0	0	100000	1500	1000	9:109
453	25	3	0	0	1045010407:1	0	0	500000	2500	2000	9:109
454	25	4	0	0	1045010407:1	0	0	1000000	4000	3000	9:109
455	25	5	0	0	1045010407:1	0	0	2000000	6000	4000	9:109
456	25	6	0	0	1045010407:1	0	0	3000000	8000	4500	9:109
457	25	7	0	0	1045010407:1	0	0	4000000	10000	5000	9:109
458	25	8	0	0	1045010407:1	0	0	5000000	15000	5500	9:109
459	25	9	0	0	1045010407:1	0	1045010408:30|1042200301:60	0	15000	1000	109
460	25	10	0	0	1045010407:1	0	1042010106:60	0	15000	2000	109
461	25	11	0	0	1045010407:1	0	1050000001:10	0	16000	3000	109
462	25	12	0	0	1045010407:1	0	1045030002:10	0	17000	4000	109
463	25	13	0	0	1045010407:1	0	1042010105:5	0	18000	5000	109
464	25	14	0	0	1045010407:1	0	1045000294:2	0	19000	6000	109
465	25	15	0	0	1045010407:1	0	1045010406:2	0	20000	6500	109
466	26	1	0	0	1045010407:1	0	0	0	500	1	10:110
467	26	2	0	0	1045010407:1	0	0	100000	1500	1000	10:110
468	26	3	0	0	1045010407:1	0	0	500000	2500	2000	10:110
469	26	4	0	0	1045010407:1	0	0	1000000	4000	3000	10:110
470	26	5	0	0	1045010407:1	0	0	2000000	6000	4000	10:110
471	26	6	0	0	1045010407:1	0	0	3000000	8000	4500	10:110
472	26	7	0	0	1045010407:1	0	0	4000000	10000	5000	10:110
473	26	8	0	0	1045010407:1	0	0	5000000	15000	5500	10:110
474	26	9	0	0	1045010407:1	0	1045010408:30|1042200301:60	0	15000	1000	110
475	26	10	0	0	1045010407:1	0	1042010106:60	0	15000	2000	110
476	26	11	0	0	1045010407:1	0	1050000001:10	0	16000	3000	110
477	26	12	0	0	1045010407:1	0	1045030002:10	0	17000	4000	110
478	26	13	0	0	1045010407:1	0	1042010105:5	0	18000	5000	110
479	26	14	0	0	1045010407:1	0	1045000294:2	0	19000	6000	110
480	26	15	0	0	1045010407:1	0	1045010406:2	0	20000	6500	110
481	27	1	10000	0	0	600000	0	0	500	1	11:111
482	27	2	10000	0	0	600000	0	100000	1500	1000	11:111
483	27	3	10000	0	0	600000	0	500000	2500	2000	11:111
484	27	4	10000	0	0	600000	0	1000000	4000	3000	11:111
485	27	5	50000	0	0	600000	0	2000000	6000	4000	11:111
486	27	6	50000	0	0	600000	0	3000000	8000	4500	11:111
487	27	7	50000	0	0	600000	0	4000000	10000	5000	11:111
488	27	8	50000	0	0	600000	0	5000000	15000	5500	11:111
489	27	9	200000	0	0	600000	1045010408:30|1042200301:60	0	15000	1000	111
490	27	10	200000	0	0	600000	1042010106:60	0	15000	2000	111
491	27	11	200000	0	0	600000	1050000001:10	0	16000	3000	111
492	27	12	200000	0	0	600000	1045030002:10	0	17000	4000	111
493	27	13	200000	0	0	600000	1042010105:5	0	18000	5000	111
494	27	14	200000	0	0	600000	1045000294:2	0	19000	6000	111
495	27	15	200000	0	0	600000	1045010406:2	0	20000	6500	111
496	28	1	10000	0	0	600000	0	0	500	1	11:111
497	28	2	10000	0	0	600000	0	100000	1500	1	11:111
498	28	3	10000	0	0	600000	0	500000	2500	1	11:111
499	28	4	10000	0	0	600000	0	1000000	4000	1	11:111
500	28	5	50000	0	0	600000	0	2000000	6000	1	11:111
501	28	6	50000	0	0	600000	0	3000000	8000	1	11:111
502	28	7	50000	0	0	600000	0	4000000	10000	1	11:111
503	28	8	50000	0	0	600000	0	5000000	15000	1	11:111
504	28	9	200000	0	0	600000	1045010408:30|1042200301:60	0	15000	1	11:111
505	28	10	200000	0	0	600000	1042010106:60	0	15000	1	11:111
506	28	11	200000	0	0	600000	1050000001:10	0	16000	1	11:111
507	28	12	200000	0	0	600000	1045030002:10	0	17000	1	11:111
508	28	13	200000	0	0	600000	1042010105:5	0	18000	1	11:111
509	28	14	200000	0	0	600000	1045000294:2	0	19000	1	11:111
510	28	15	200000	0	0	600000	1045010406:2	0	20000	1	11:111
511	29	1	10000	0	0	600000	0	0	500	1	12:112
512	29	2	10000	0	0	600000	0	100000	1500	1000	12:112
513	29	3	10000	0	0	600000	0	500000	2500	2000	12:112
514	29	4	10000	0	0	600000	0	1000000	4000	3000	12:112
515	29	5	50000	0	0	600000	0	2000000	6000	4000	12:112
516	29	6	50000	0	0	600000	0	3000000	8000	4500	12:112
517	29	7	50000	0	0	600000	0	4000000	10000	5000	12:112
518	29	8	50000	0	0	600000	0	5000000	15000	5500	12:112
519	29	9	200000	0	0	600000	1045010408:30|1042200301:60	0	15000	1000	112
520	29	10	200000	0	0	600000	1042010106:60	0	15000	2000	112
521	29	11	200000	0	0	600000	1050000001:10	0	16000	3000	112
522	29	12	200000	0	0	600000	1045030002:10	0	17000	4000	112
523	29	13	200000	0	0	600000	1042010105:5	0	18000	5000	112
524	29	14	200000	0	0	600000	1045000294:2	0	19000	6000	112
525	29	15	200000	0	0	600000	1045010406:2	0	20000	6500	112
526	30	1	10000	0	0	600000	0	0	500	1	12:112
527	30	2	10000	0	0	600000	0	100000	1500	1	12:112
528	30	3	10000	0	0	600000	0	500000	2500	1	12:112
529	30	4	10000	0	0	600000	0	1000000	4000	1	12:112
530	30	5	50000	0	0	600000	0	2000000	6000	1	12:112
531	30	6	50000	0	0	600000	0	3000000	8000	1	12:112
532	30	7	50000	0	0	600000	0	4000000	10000	1	12:112
533	30	8	50000	0	0	600000	0	5000000	15000	1	12:112
534	30	9	200000	0	0	600000	1045010408:30|1042200301:60	0	15000	1	12:112
535	30	10	200000	0	0	600000	1042010106:60	0	15000	1	12:112
536	30	11	200000	0	0	600000	1050000001:10	0	16000	1	12:112
537	30	12	200000	0	0	600000	1045030002:10	0	17000	1	12:112
538	30	13	200000	0	0	600000	1042010105:5	0	18000	1	12:112
539	30	14	200000	0	0	600000	1045000294:2	0	19000	1	12:112
540	30	15	200000	0	0	600000	1045010406:2	0	20000	1	12:112