id	minLevel	maxLevel	type	boxType	rate	qualityRate
掉宝组ID	最低等级 	最高等级	类型	宝箱类型	几率(备用)	品质几率
900001	0	0	9	0	0	0:0:0:0:0:0:0
900002	0	0	9	0	0	0:0:0:10000:0:0:0
900003	0	0	9	0	0	0:0:0:10000:0:0:0
900004	0	0	9	0	0	0:0:0:10000:0:0:0
900005	0	0	9	0	0	0:0:0:10000:0:0:0
900006	0	0	9	0	0	0:0:0:10000:0:0:0
900007	0	0	9	0	0	0:0:0:10000:0:0:0
900008	0	0	9	0	0	0:0:0:0:0:0:0
900009	0	0	9	0	0	0:0:0:0:0:0:0
900010	0	0	9	0	0	0:0:0:0:0:0:0
900011	0	0	9	0	0	0:0:0:0:0:0:0
900012	0	0	9	0	0	0:0:0:0:0:0:0
900013	0	0	9	0	0	0:0:0:0:0:0:0
900014	0	0	9	0	0	0:0:0:0:0:0:0
900015	0	0	9	0	0	0:0:0:0:0:0:0
900016	0	0	9	0	0	0:0:0:0:0:0:0
900017	0	0	9	0	0	0:0:0:0:0:0:0
900018	0	0	9	0	0	0:0:0:0:0:0:0
900019	0	0	9	0	0	0:0:0:0:0:0:0
900020	0	0	9	0	0	0:10000:0:0:0:0:0
900021	0	0	9	0	0	0:10000:0:0:0:0:0
900022	0	0	9	0	0	0:10000:0:0:0:0:0
900023	0	0	9	0	0	0:10000:0:0:0:0:0
900024	0	0	9	0	0	0:0:0:0:0:0:0
900025	0	0	9	0	0	0:0:0:0:0:0:0
900026	0	0	9	0	0	0:0:0:0:0:0:0
900027	0	0	9	0	0	0:0:0:0:0:0:0
900028	0	0	9	0	0	0:0:0:0:0:0:0
900029	0	0	9	0	0	0:0:0:0:0:0:0
900030	0	0	9	0	0	0:0:0:0:0:0:0
600001	1	50	6	0	0	3000:6500:500:0:0:0
600002	51	100	6	0	0	3000:6500:500:0:0:0
600003	101	150	6	0	0	3000:6500:500:0:0:0
600004	151	200	6	0	0	3000:6500:500:0:0:0
600005	201	250	6	0	0	3000:6500:500:0:0:0
600006	251	300	6	0	0	3000:6500:500:0:0:0
600007	301	350	6	0	0	3000:6500:500:0:0:0
600008	351	400	6	0	0	3000:6500:500:0:0:0
600009	401	450	6	0	0	3000:6500:500:0:0:0
600010	451	500	6	0	0	3000:6500:500:0:0:0
600011	501	550	6	0	0	3000:6500:500:0:0:0
600012	551	600	6	0	0	3000:6500:500:0:0:0
600013	601	650	6	0	0	3000:6500:500:0:0:0
600014	651	700	6	0	0	3000:6500:500:0:0:0
600015	701	750	6	0	0	3000:6500:500:0:0:0
600016	751	800	6	0	0	3000:6500:500:0:0:0
600017	801	850	6	0	0	3000:6500:500:0:0:0
600018	851	900	6	0	0	3000:6500:500:0:0:0
600019	901	950	6	0	0	3000:6500:500:0:0:0
600020	951	1000	6	0	0	3000:6500:500:0:0:0
600021	1001	1050	6	0	0	3000:6500:500:0:0:0
600022	1051	1100	6	0	0	3000:6500:500:0:0:0
600023	1101	1150	6	0	0	3000:6500:500:0:0:0
600024	1151	1200	6	0	0	3000:6500:500:0:0:0
600025	1201	1250	6	0	0	3000:6500:500:0:0:0
600026	1251	1300	6	0	0	3000:6500:500:0:0:0
600027	1301	1350	6	0	0	3000:6500:500:0:0:0
600028	1351	1400	6	0	0	3000:6500:500:0:0:0
600029	1401	1450	6	0	0	3000:6500:500:0:0:0
600030	1451	1500	6	0	0	3000:6500:500:0:0:0
600031	1501	1550	6	0	0	3000:6500:500:0:0:0
600032	1551	1600	6	0	0	3000:6500:500:0:0:0
600033	1601	1650	6	0	0	3000:6500:500:0:0:0
600034	1651	1700	6	0	0	3000:6500:500:0:0:0
600035	1701	1750	6	0	0	3000:6500:500:0:0:0
600036	1751	1800	6	0	0	3000:6500:500:0:0:0
600037	1801	1850	6	0	0	3000:6500:500:0:0:0
600038	1851	1900	6	0	0	3000:6500:500:0:0:0
600039	1901	1950	6	0	0	3000:6500:500:0:0:0
600040	1951	2000	6	0	0	3000:6500:500:0:0:0
600041	2001	2050	6	0	0	3000:6500:500:0:0:0
600042	2051	2100	6	0	0	3000:6500:500:0:0:0
600043	2101	2150	6	0	0	3000:6500:500:0:0:0
600044	2151	2200	6	0	0	3000:6500:500:0:0:0
600045	2201	2250	6	0	0	3000:6500:500:0:0:0
600046	2251	2300	6	0	0	3000:6500:500:0:0:0
600047	2301	2350	6	0	0	3000:6500:500:0:0:0
600048	2351	2400	6	0	0	3000:6500:500:0:0:0
600049	2401	2450	6	0	0	3000:6500:500:0:0:0
600050	2451	2500	6	0	0	3000:6500:500:0:0:0
600051	2501	2550	6	0	0	3000:6500:500:0:0:0
600052	2551	2600	6	0	0	3000:6500:500:0:0:0
600053	2601	2650	6	0	0	3000:6500:500:0:0:0
600054	2651	2700	6	0	0	3000:6500:500:0:0:0
600055	2701	2750	6	0	0	3000:6500:500:0:0:0
600056	2751	2800	6	0	0	3000:6500:500:0:0:0
600057	2801	2850	6	0	0	3000:6500:500:0:0:0
600058	2851	2900	6	0	0	3000:6500:500:0:0:0
600059	2901	2950	6	0	0	3000:6500:500:0:0:0
600060	2951	3000	6	0	0	3000:6500:500:0:0:0
600061	3001	3050	6	0	0	3000:6500:500:0:0:0
600062	3051	3100	6	0	0	3000:6500:500:0:0:0
600063	3101	3150	6	0	0	3000:6500:500:0:0:0
600064	3151	3200	6	0	0	3000:6500:500:0:0:0
600065	3201	3250	6	0	0	3000:6500:500:0:0:0
600066	3251	3300	6	0	0	3000:6500:500:0:0:0
600067	3301	3350	6	0	0	3000:6500:500:0:0:0
600068	3351	3400	6	0	0	3000:6500:500:0:0:0
600069	3401	3450	6	0	0	3000:6500:500:0:0:0
600070	3451	3500	6	0	0	3000:6500:500:0:0:0
600071	3501	3550	6	0	0	3000:6500:500:0:0:0
600072	3551	3600	6	0	0	3000:6500:500:0:0:0
600073	3601	3650	6	0	0	3000:6500:500:0:0:0
600074	3651	3700	6	0	0	3000:6500:500:0:0:0
600075	3701	3750	6	0	0	3000:6500:500:0:0:0
600076	3751	3800	6	0	0	3000:6500:500:0:0:0
600077	3801	3850	6	0	0	3000:6500:500:0:0:0
600078	3851	3900	6	0	0	3000:6500:500:0:0:0
600079	3901	3950	6	0	0	3000:6500:500:0:0:0
600080	3951	4000	6	0	0	3000:6500:500:0:0:0
600081	4001	4050	6	0	0	3000:6500:500:0:0:0
600082	4051	4100	6	0	0	3000:6500:500:0:0:0
600083	4101	4150	6	0	0	3000:6500:500:0:0:0
600084	4151	4200	6	0	0	3000:6500:500:0:0:0
600085	4201	4250	6	0	0	3000:6500:500:0:0:0
600086	4251	4300	6	0	0	3000:6500:500:0:0:0
600087	4301	4350	6	0	0	3000:6500:500:0:0:0
600088	4351	4400	6	0	0	3000:6500:500:0:0:0
600089	4401	4450	6	0	0	3000:6500:500:0:0:0
600090	4451	4500	6	0	0	3000:6500:500:0:0:0
600091	4501	4550	6	0	0	3000:6500:500:0:0:0
600092	4551	4600	6	0	0	3000:6500:500:0:0:0
600093	4601	4650	6	0	0	3000:6500:500:0:0:0
600094	4651	4700	6	0	0	3000:6500:500:0:0:0
600095	4701	4750	6	0	0	3000:6500:500:0:0:0
600096	4751	4800	6	0	0	3000:6500:500:0:0:0
600097	4801	4850	6	0	0	3000:6500:500:0:0:0
600098	4851	4900	6	0	0	3000:6500:500:0:0:0
600099	4901	4950	6	0	0	3000:6500:500:0:0:0
600100	4951	5000	6	0	0	3000:6500:500:0:0:0
600101	5001	5100	6	0	0	3000:6500:500:0:0:0
600102	5101	5200	6	0	0	3000:6500:500:0:0:0
600103	5201	5300	6	0	0	3000:6500:500:0:0:0
600104	5301	5400	6	0	0	3000:6500:500:0:0:0
600105	5401	5500	6	0	0	3000:6500:500:0:0:0
600106	5501	5600	6	0	0	3000:6500:500:0:0:0
600107	5601	5700	6	0	0	3000:6500:500:0:0:0
600108	5701	5800	6	0	0	3000:6500:500:0:0:0
600109	5801	5900	6	0	0	3000:6500:500:0:0:0
600110	5901	6000	6	0	0	3000:6500:500:0:0:0
500101	10	10	5	5	9553	0:0:0:0:0:0:0
500201	500	500	5	5	220	0:0:0:0:0:0:0
500301	1000	1000	5	5	150	0:0:0:0:0:0:0
500401	2000	2000	5	5	40	0:0:0:0:0:0:0
500501	4000	4000	5	5	15	0:0:0:0:0:0:0
500601	6000	6000	5	5	10	0:0:0:0:0:0:0
500701	8000	8000	5	5	8	0:0:0:0:0:0:0
500801	10000	10000	5	5	4	0:0:0:0:0:0:0
400101	0	0	4	6	1500	0:0:0:0:0:0:0
400201	0	0	4	6	2000	0:0:0:0:0:0:0
400301	0	0	4	6	2000	0:0:0:0:0:0:0
400401	0	0	4	6	2000	0:0:0:0:0:0:0
400501	0	0	4	6	800	0:0:0:0:0:0:0
400601	0	0	4	6	800	0:0:0:0:0:0:0
400701	0	0	4	6	400	0:0:0:0:0:0:0
400801	0	0	4	6	500	0:0:0:0:0:0:0
100101	0	0	1	7	4500	0:0:0:0:0:0:0
100201	0	0	1	7	4500	0:0:0:0:0:0:0
100301	0	0	1	7	350	0:0:0:0:0:0:0
100401	0	0	1	7	350	0:0:0:0:0:0:0
100501	0	0	1	7	100	0:0:0:0:0:0:0
100601	0	0	1	7	100	0:0:0:0:0:0:0
100701	0	0	1	7	50	0:0:0:0:0:0:0
100801	0	0	1	7	50	0:0:0:0:0:0:0
200101	0	0	2	8	2300	0:0:0:0:0:0:0
200201	0	0	2	8	3000	0:0:0:0:0:0:0
200301	0	0	2	8	3000	0:0:0:0:0:0:0
200401	0	0	2	8	800	0:0:0:0:0:0:0
200501	0	0	2	8	600	0:0:0:0:0:0:0
200601	0	0	2	8	200	0:0:0:0:0:0:0
200701	0	0	2	8	80	0:0:0:0:0:0:0
200801	0	0	2	8	20	0:0:0:0:0:0:0
300101	0	0	3	9	3400	0:0:0:0:0:0:0
300201	0	0	3	9	3100	0:0:0:0:0:0:0
300301	0	0	3	9	700	0:0:0:0:0:0:0
300401	0	0	3	9	800	0:0:0:0:0:0:0
300501	0	0	3	9	1000	0:0:0:0:0:0:0
300601	0	0	3	9	400	0:0:0:0:0:0:0
300701	0	0	3	9	300	0:0:0:0:0:0:0
300801	0	0	3	9	300	0:0:0:0:0:0:0
700101	0	0	7	10	2000	0:0:0:0:0:0:0
700201	0	0	7	10	2000	0:0:0:0:0:0:0
700301	0	0	7	10	2000	0:0:0:0:0:0:0
700401	0	0	7	10	2500	0:0:0:0:0:0:0
700501	0	0	7	10	600	0:0:0:0:0:0:0
700601	0	0	7	10	700	0:0:0:0:0:0:0
700701	0	0	7	10	100	0:0:0:0:0:0:0
700801	0	0	7	10	100	0:0:0:0:0:0:0
1000101	0	0	10	11	7500	0:0:0:0:0:0:0
1000102	0	0	10	11	500	0:0:0:0:0:0:0
1000103	0	0	10	11	500	0:0:0:0:0:0:0
1000104	0	0	10	11	500	0:0:0:0:0:0:0
1000105	0	0	10	11	500	0:0:0:0:0:0:0
1000106	0	0	10	11	500	0:0:0:0:0:0:0
1000201	0	0	10	12	2000	0:0:0:0:0:0:0
1000202	0	0	10	12	4500	0:0:0:0:0:0:0
1000203	0	0	10	12	1000	0:0:0:0:0:0:0
1000204	0	0	10	12	1000	0:0:0:0:0:0:0
1000205	0	0	10	12	300	0:0:0:0:0:0:0
1000206	0	0	10	12	300	0:0:0:0:0:0:0
1000207	0	0	10	12	300	0:0:0:0:0:0:0
1000208	0	0	10	12	300	0:0:0:0:0:0:0
1000209	0	0	10	12	300	0:0:0:0:0:0:0
1000301	0	0	10	14	2500	0:0:0:0:0:0:0
1000302	0	0	10	14	2000	0:0:0:0:0:0:0
1000303	0	0	10	14	1000	0:0:0:0:0:0:0
1000304	0	0	10	14	500	0:0:0:0:0:0:0
1000305	0	0	10	14	500	0:0:0:0:0:0:0
1000306	0	0	10	14	500	0:0:0:0:0:0:0
1000307	0	0	10	14	500	0:0:0:0:0:0:0
1000308	0	0	10	14	500	0:0:0:0:0:0:0
1000309	0	0	10	14	500	0:0:0:0:0:0:0
1000310	0	0	10	14	500	0:0:0:0:0:0:0
1000311	0	0	10	14	500	0:0:0:0:0:0:0
1000312	0	0	10	14	500	0:0:0:0:0:0:0
1000401	0	0	10	15	2000	0:0:0:0:0:0:0
1000402	0	0	10	15	2000	0:0:0:0:0:0:0
1000403	0	0	10	15	1500	0:0:0:0:0:0:0
1000404	0	0	10	15	1500	0:0:0:0:0:0:0
1000405	0	0	10	15	1500	0:0:0:0:0:0:0
1000406	0	0	10	15	1500	0:0:0:0:0:0:0
1000501	0	0	10	16	2000	0:0:0:0:0:0:0
1000502	0	0	10	16	2500	0:0:0:0:0:0:0
1000503	0	0	10	16	3000	0:0:0:0:0:0:0
1000504	0	0	10	16	1000	0:0:0:0:0:0:0
1000505	0	0	10	16	300	0:0:0:0:0:0:0
1000506	0	0	10	16	300	0:0:0:0:0:0:0
1000507	0	0	10	16	300	0:0:0:0:0:0:0
1000508	0	0	10	16	300	0:0:0:0:0:0:0
1000509	0	0	10	16	300	0:0:0:0:0:0:0
1000601	0	0	10	17	3000	0:0:0:0:0:0:0
1000602	0	0	10	17	2000	0:0:0:0:0:0:0
1000603	0	0	10	17	1700	0:0:0:0:0:0:0
1000604	0	0	10	17	800	0:0:0:0:0:0:0
1000605	0	0	10	17	1000	0:0:0:0:0:0:0
1000606	0	0	10	17	500	0:0:0:0:0:0:0
1000607	0	0	10	17	200	0:0:0:0:0:0:0
1000608	0	0	10	17	200	0:0:0:0:0:0:0
1000609	0	0	10	17	200	0:0:0:0:0:0:0
1000610	0	0	10	17	200	0:0:0:0:0:0:0
1000611	0	0	10	17	200	0:0:0:0:0:0:0