id	name	level	effectList	effectRangeList	targetType	profession	weaponType	CDTimer	rate2	rate3	magic	hate	iconId	order	type
技能编号	技能名称	等级	效果编号	技能范围	目标类型	所属职业	所需武器大类	CD时间	效果2几率	效果3几率	耗蓝	仇恨	技能图表ID	排序号	类型
1031000001	普通攻击	1	1034020101:0:0	1	2:0:0	0:0:0:0:0:0:0	0	0	0	0	0	0	1131000001	0	0
1031020001	基础射门	1	1034020107:0:0	1	2:0:0	7:0:0:0:0:0:0	0	0	0	0	20	0	1131020001	1	0
1031020201	流星火球	1	1034020103:0:0	1	2:0:0	7:0:0:0:0:0:0	0	0	0	0	50	0	1131070001	2	0
1031020202	流星火球	2	1034020122:0:0	1	2:0:0	7:0:0:0:0:0:0	0	0	0	0	200	0	1131070001	2	0
1031020203	流星火球	3	1034020126:0:0	1	2:0:0	7:0:0:0:0:0:0	0	0	0	0	400	0	1131070001	2	0
1031020204	流星火球	4	1034020128:0:0	1	2:0:0	7:0:0:0:0:0:0	0	0	0	0	600	0	1131070001	2	0
1031020205	流星火球	5	1034020134:0:0	1	2:0:0	7:0:0:0:0:0:0	0	0	0	0	800	0	1131070001	2	0
1031020206	流星火球	6	1034020135:0:0	1	2:0:0	7:0:0:0:0:0:0	0	0	0	0	1000	0	1131070001	2	0
1031020207	流星火球	7	1034020139:0:0	1	2:0:0	7:0:0:0:0:0:0	0	0	0	0	1200	0	1131070001	2	0
1031020208	流星火球	8	1034020140:0:0	1	2:0:0	7:0:0:0:0:0:0	0	0	0	0	1500	0	1131070001	2	0
1031020209	流星火球	9	1034020141:0:0	1	2:0:0	7:0:0:0:0:0:0	0	0	0	0	1700	0	1131070001	2	0
1031020210	流星火球	10	1034020142:0:0	1	2:0:0	7:0:0:0:0:0:0	0	0	0	0	2000	0	1131070001	2	0
1031020101	回旋踢	1	1034020116:0:0	2	2:0:0	7:0:0:0:0:0:0	0	0	0	0	200	0	1131020201	3	0
1031020102	回旋踢	2	1034020101:0:0	2	2:0:0	7:0:0:0:0:0:0	0	0	0	0	400	0	1131020201	3	0
1031020103	回旋踢	3	1034020104:0:0	2	2:0:0	7:0:0:0:0:0:0	0	0	0	0	600	0	1131020201	3	0
1031020104	回旋踢	4	1034020120:0:0	2	2:0:0	7:0:0:0:0:0:0	0	0	0	0	800	0	1131020201	3	0
1031020105	回旋踢	5	1034020126:0:0	2	2:0:0	7:0:0:0:0:0:0	0	0	0	0	1000	0	1131020201	3	0
1031020106	回旋踢	6	1034020127:0:0	2	2:0:0	7:0:0:0:0:0:0	0	0	0	0	1200	0	1131020201	3	0
1031020107	回旋踢	7	1034020128:0:0	2	2:0:0	7:0:0:0:0:0:0	0	0	0	0	1400	0	1131020201	3	0
1031020108	回旋踢	8	1034020121:0:0	2	2:0:0	7:0:0:0:0:0:0	0	0	0	0	1600	0	1131020201	3	0
1031020109	回旋踢	9	1034020134:0:0	2	2:0:0	7:0:0:0:0:0:0	0	0	0	0	1800	0	1131020201	3	0
1031020110	回旋踢	10	1034020132:0:0	2	2:0:0	7:0:0:0:0:0:0	0	0	0	0	2000	0	1131020201	3	0
1031020301	铲射	1	1034020101:1034020315:0	1	2:2:0	7:0:0:0:0:0:0	0	0	10000	0	600	0	1131070201	4	0
1031020302	铲射	2	1034020101:1034020322:0	1	2:2:0	7:0:0:0:0:0:0	0	0	10000	0	800	0	1131070201	4	0
1031020303	铲射	3	1034020101:1034020323:0	1	2:2:0	7:0:0:0:0:0:0	0	0	10000	0	1000	0	1131070201	4	0
1031020304	铲射	4	1034020101:1034020324:0	1	2:2:0	7:0:0:0:0:0:0	0	0	10000	0	1400	0	1131070201	4	0
1031020305	铲射	5	1034020101:1034020325:0	1	2:2:0	7:0:0:0:0:0:0	0	0	10000	0	1800	0	1131070201	4	0
1031020306	铲射	6	1034020101:1034020327:0	1	2:2:0	7:0:0:0:0:0:0	0	0	10000	0	2200	0	1131070201	4	0
1031020401	曲线式射门	1	1034020131:0:0	1	2:0:0	7:0:0:0:0:0:0	0	0	0	0	2500	0	1131070301	6	0
1031020402	曲线式射门	2	1034020143:0:0	1	2:0:0	7:0:0:0:0:0:0	0	0	0	0	3000	0	1131070301	6	0
1031020403	曲线式射门	3	1034020144:0:0	1	2:0:0	7:0:0:0:0:0:0	0	0	0	0	3500	0	1131070301	6	0
1031020404	曲线式射门	4	1034020145:0:0	1	2:0:0	7:0:0:0:0:0:0	0	0	0	0	4000	0	1131070301	6	0
1031020405	曲线式射门	5	1034020146:0:0	1	2:0:0	7:0:0:0:0:0:0	0	0	0	0	4500	0	1131070301	6	0
1031020501	旋转霹雳球	1	1034020120:0:0	3	2:0:0	7:0:0:0:0:0:0	0	0	0	0	3000	0	1131020501	7	0
1031020502	旋转霹雳球	2	1034020105:0:0	3	2:0:0	7:0:0:0:0:0:0	0	0	0	0	3200	0	1131020501	7	0
1031020503	旋转霹雳球	3	1034020126:0:0	3	2:0:0	7:0:0:0:0:0:0	0	0	0	0	3400	0	1131020501	7	0
1031020504	旋转霹雳球	4	1034020110:0:0	3	2:0:0	7:0:0:0:0:0:0	0	0	0	0	3600	0	1131020501	7	0
1031020505	旋转霹雳球	5	1034020127:0:0	3	2:0:0	7:0:0:0:0:0:0	0	0	0	0	3800	0	1131020501	7	0
1031020506	旋转霹雳球	6	1034020111:0:0	3	2:0:0	7:0:0:0:0:0:0	0	0	0	0	4000	0	1131020501	7	0
1031020507	旋转霹雳球	7	1034020128:0:0	3	2:0:0	7:0:0:0:0:0:0	0	0	0	0	4200	0	1131020501	7	0
1031020508	旋转霹雳球	8	1034020113:0:0	3	2:0:0	7:0:0:0:0:0:0	0	0	0	0	4400	0	1131020501	7	0
1031020509	旋转霹雳球	9	1034020121:0:0	3	2:0:0	7:0:0:0:0:0:0	0	0	0	0	4600	0	1131020501	7	0
1031020510	旋转霹雳球	10	1034020114:0:0	3	2:0:0	7:0:0:0:0:0:0	0	0	0	0	4800	0	1131020501	7	0
1031020511	旋转霹雳球	11	1034020160:0:0	3	2:0:0	7:0:0:0:0:0:0	0	0	0	0	6100	0	1131020501	7	0
1031020512	旋转霹雳球	12	1034020161:0:0	3	2:0:0	7:0:0:0:0:0:0	0	0	0	0	7400	0	1131020501	7	0
1031020513	旋转霹雳球	13	1034020162:0:0	3	2:0:0	7:0:0:0:0:0:0	0	0	0	0	8700	0	1131020501	7	0
1031020514	旋转霹雳球	14	1034020163:0:0	3	2:0:0	7:0:0:0:0:0:0	0	0	0	0	10000	0	1131020501	7	0
1031020515	旋转霹雳球	15	1034020151:0:0	3	2:0:0	7:0:0:0:0:0:0	0	0	0	0	11300	0	1131020501	7	0
1031020516	旋转霹雳球	16	1034020164:0:0	3	2:0:0	7:0:0:0:0:0:0	0	0	0	0	12600	0	1131020501	7	0
1031020517	旋转霹雳球	17	1034020170:0:0	3	2:0:0	7:0:0:0:0:0:0	0	0	0	0	13900	0	1131020501	7	0
1031020518	旋转霹雳球	18	1034020171:0:0	3	2:0:0	7:0:0:0:0:0:0	0	0	0	0	15200	0	1131020501	7	0
1031020519	旋转霹雳球	19	1034020172:0:0	3	2:0:0	7:0:0:0:0:0:0	0	0	0	0	16500	0	1131020501	7	0
1031020520	旋转霹雳球	20	1034020147:0:0	3	2:0:0	7:0:0:0:0:0:0	0	0	0	0	17800	0	1131020501	7	0
1031020521	旋转霹雳球	21	1034020173:0:0	3	2:0:0	7:0:0:0:0:0:0	0	0	0	0	19100	0	1131020501	7	0
1031020601	猛虎式射门	1	1034020132:1034020329:0	1	2:2:0	7:0:0:0:0:0:0	0	0	10000	0	8000	0	1131070401	10	0
1031020602	猛虎式射门	2	1034020151:1034020330:0	1	2:2:0	7:0:0:0:0:0:0	0	0	10000	0	12000	0	1131070401	10	0
1031020603	猛虎式射门	3	1034020135:1034020331:0	1	2:2:0	7:0:0:0:0:0:0	0	0	10000	0	16000	0	1131070401	10	0
1031020604	猛虎式射门	4	1034020156:1034020332:0	1	2:2:0	7:0:0:0:0:0:0	0	0	10000	0	20000	0	1131070401	10	0
1031020605	猛虎式射门	5	1034020136:1034020339:0	1	2:2:0	7:0:0:0:0:0:0	0	0	10000	0	24000	0	1131070401	10	0
1031010001	生锈火箭筒射击	1	1034020107:1034020301:0	1	2:2:0	5:0:0:0:0:0:0	0	0	10000	0	50	0	1131010001	1	0
1031010002	生锈火箭筒射击	2	1034020108:1034020303:0	1	2:2:0	5:0:0:0:0:0:0	0	0	10000	0	200	0	1131010001	1	0
1031010003	生锈火箭筒射击	3	1034020119:1034020305:0	1	2:2:0	5:0:0:0:0:0:0	0	0	10000	0	300	0	1131010001	1	0
1031010004	生锈火箭筒射击	4	1034020125:1034020307:0	1	2:2:0	5:0:0:0:0:0:0	0	0	10000	0	400	0	1131010001	1	0
1031010005	生锈火箭筒射击	5	1034020105:1034020309:0	1	2:2:0	5:0:0:0:0:0:0	0	0	10000	0	500	0	1131010001	1	0
1031010006	生锈火箭筒射击	6	1034020110:1034020308:0	1	2:2:0	5:0:0:0:0:0:0	0	0	10000	0	600	0	1131010001	1	0
1031010007	生锈火箭筒射击	7	1034020111:1034020317:0	1	2:2:0	5:0:0:0:0:0:0	0	0	10000	0	700	0	1131010001	1	0
1031010008	生锈火箭筒射击	8	1034020113:1034020318:0	1	2:2:0	5:0:0:0:0:0:0	0	0	10000	0	800	0	1131010001	1	0
1031010009	生锈火箭筒射击	9	1034020114:1034020319:0	1	2:2:0	5:0:0:0:0:0:0	0	0	10000	0	900	0	1131010001	1	0
1031010010	生锈火箭筒射击	10	1034020133:1034020320:0	1	2:2:0	5:0:0:0:0:0:0	0	0	10000	0	1000	0	1131010001	1	0
1031010011	生锈火箭筒射击	11	1034020132:1034020315:0	1	2:2:0	5:0:0:0:0:0:0	0	0	10000	0	1200	0	1131010001	1	0
1031010012	生锈火箭筒射击	12	1034020151:1034020316:0	1	2:2:0	5:0:0:0:0:0:0	0	0	10000	0	1400	0	1131010001	1	0
1031010013	生锈火箭筒射击	13	1034020135:1034020321:0	1	2:2:0	5:0:0:0:0:0:0	0	0	10000	0	1600	0	1131010001	1	0
1031010014	生锈火箭筒射击	14	1034020156:1034020322:0	1	2:2:0	5:0:0:0:0:0:0	0	0	10000	0	1800	0	1131010001	1	0
1031010015	生锈火箭筒射击	15	1034020136:1034020341:0	1	2:2:0	5:0:0:0:0:0:0	0	0	10000	0	2000	0	1131010001	1	0
1031050006	战斗号角	1	1033010801:0:0	5	1:0:0	5:0:0:0:0:0:0	0	0	0	0	100	0	1131050001	2	0
1031050007	战斗号角	2	1033010802:0:0	5	1:0:0	5:0:0:0:0:0:0	0	0	0	0	200	0	1131050001	2	0
1031050001	战斗号角	3	1033010803:0:0	5	1:0:0	5:0:0:0:0:0:0	0	0	0	0	300	0	1131050001	2	0
1031050002	战斗号角	4	1033010804:0:0	5	1:0:0	5:0:0:0:0:0:0	0	0	0	0	400	0	1131050001	2	0
1031050003	战斗号角	5	1033010805:0:0	5	1:0:0	5:0:0:0:0:0:0	0	0	0	0	500	0	1131050001	2	0
1031050004	战斗号角	6	1033010806:0:0	5	1:0:0	5:0:0:0:0:0:0	0	0	0	0	600	0	1131050001	2	0
1031050005	战斗号角	7	1033010807:0:0	5	1:0:0	5:0:0:0:0:0:0	0	0	0	0	700	0	1131050001	2	0
1031050008	战斗号角	8	1033010808:0:0	5	1:0:0	5:0:0:0:0:0:0	0	0	0	0	800	0	1131050001	2	0
1031050009	战斗号角	9	1033010809:0:0	5	1:0:0	5:0:0:0:0:0:0	0	0	0	0	900	0	1131050001	2	0
1031050010	战斗号角	10	1033010810:0:0	5	1:0:0	5:0:0:0:0:0:0	0	0	0	0	1000	0	1131050001	2	0
1031050101	导弹追踪	1	1034020333:0:0	1	2:0:0	5:0:0:0:0:0:0	0	30000	0	0	1000	0	1131120101	3	0
1031050102	导弹追踪	2	1034020334:0:0	1	2:0:0	5:0:0:0:0:0:0	0	30000	0	0	2000	0	1131120101	3	0
1031050103	导弹追踪	3	1034020335:0:0	1	2:0:0	5:0:0:0:0:0:0	0	30000	0	0	3000	0	1131120101	3	0
1031050104	导弹追踪	4	1034020336:0:0	1	2:0:0	5:0:0:0:0:0:0	0	30000	0	0	4000	0	1131120101	3	0
1031050105	导弹追踪	5	1034020337:0:0	1	2:0:0	5:0:0:0:0:0:0	0	30000	0	0	5000	0	1131120101	3	0
1031050106	导弹追踪	6	1034020338:0:0	1	2:0:0	5:0:0:0:0:0:0	0	30000	0	0	6000	0	1131120101	3	0
1031050201	格斗技巧	1	1033011001:0:0	5	1:0:0	5:0:0:0:0:0:0	0	0	0	0	500	0	1131050601	5	0
1031050202	格斗技巧	2	1033011002:0:0	5	1:0:0	5:0:0:0:0:0:0	0	0	0	0	1000	0	1131050601	5	0
1031050203	格斗技巧	3	1033011003:0:0	5	1:0:0	5:0:0:0:0:0:0	0	0	0	0	1500	0	1131050601	5	0
1031050204	格斗技巧	4	1033011004:0:0	5	1:0:0	5:0:0:0:0:0:0	0	0	0	0	2000	0	1131050601	5	0
1031050301	爆炸汽油弹	1	1034020101:0:0	2	2:0:0	5:0:0:0:0:0:0	0	0	0	0	1000	0	1131050302	4	0
1031050302	爆炸汽油弹	2	1034020103:0:0	2	2:0:0	5:0:0:0:0:0:0	0	0	0	0	1200	0	1131050302	4	0
1031050303	爆炸汽油弹	3	1034020104:0:0	2	2:0:0	5:0:0:0:0:0:0	0	0	0	0	1400	0	1131050302	4	0
1031050304	爆炸汽油弹	4	1034020122:0:0	2	2:0:0	5:0:0:0:0:0:0	0	0	0	0	1600	0	1131050302	4	0
1031050305	爆炸汽油弹	5	1034020120:0:0	2	2:0:0	5:0:0:0:0:0:0	0	0	0	0	1800	0	1131050302	4	0
1031050306	爆炸汽油弹	6	1034020126:0:0	2	2:0:0	5:0:0:0:0:0:0	0	0	0	0	2000	0	1131050302	4	0
1031050307	爆炸汽油弹	7	1034020127:0:0	2	2:0:0	5:0:0:0:0:0:0	0	0	0	0	2200	0	1131050302	4	0
1031050308	爆炸汽油弹	8	1034020128:0:0	2	2:0:0	5:0:0:0:0:0:0	0	0	0	0	2400	0	1131050302	4	0
1031050309	爆炸汽油弹	9	1034020114:0:0	2	2:0:0	5:0:0:0:0:0:0	0	0	0	0	2800	0	1131050302	4	0
1031050310	爆炸汽油弹	10	1034020132:0:0	2	2:0:0	5:0:0:0:0:0:0	0	0	0	0	3200	0	1131050302	4	0
1031050311	爆炸汽油弹	11	1034020151:0:0	2	2:0:0	5:0:0:0:0:0:0	0	0	0	0	5050	0	1131050302	4	0
1031050312	爆炸汽油弹	12	1034020135:0:0	2	2:0:0	5:0:0:0:0:0:0	0	0	0	0	6100	0	1131050302	4	0
1031050313	爆炸汽油弹	13	1034020156:0:0	2	2:0:0	5:0:0:0:0:0:0	0	0	0	0	7150	0	1131050302	4	0
1031050314	爆炸汽油弹	14	1034020136:0:0	2	2:0:0	5:0:0:0:0:0:0	0	0	0	0	8200	0	1131050302	4	0
1031050315	爆炸汽油弹	15	1034020147:0:0	2	2:0:0	5:0:0:0:0:0:0	0	0	0	0	9250	0	1131050302	4	0
1031050316	爆炸汽油弹	16	1034020139:0:0	2	2:0:0	5:0:0:0:0:0:0	0	0	0	0	10300	0	1131050302	4	0
1031050317	爆炸汽油弹	17	1034020148:0:0	2	2:0:0	5:0:0:0:0:0:0	0	0	0	0	11350	0	1131050302	4	0
1031050318	爆炸汽油弹	18	1034020137:0:0	2	2:0:0	5:0:0:0:0:0:0	0	0	0	0	12400	0	1131050302	4	0
1031050319	爆炸汽油弹	19	1034020149:0:0	2	2:0:0	5:0:0:0:0:0:0	0	0	0	0	13450	0	1131050302	4	0
1031050320	爆炸汽油弹	20	1034020140:0:0	2	2:0:0	5:0:0:0:0:0:0	0	0	0	0	14500	0	1131050302	4	0
1031050321	爆炸汽油弹	21	1034020150:0:0	2	2:0:0	5:0:0:0:0:0:0	0	0	0	0	15550	0	1131050302	4	0
1031050401	特种兵体能训练	1	1033010901:0:0	5	1:0:0	5:0:0:0:0:0:0	0	0	0	0	3000	0	1131050801	7	0
1031050402	特种兵体能训练	2	1033010902:0:0	5	1:0:0	5:0:0:0:0:0:0	0	0	0	0	4000	0	1131050801	7	0
1031050403	特种兵体能训练	3	1033010903:0:0	5	1:0:0	5:0:0:0:0:0:0	0	0	0	0	5000	0	1131050801	7	0
1031050404	特种兵体能训练	4	1033010904:0:0	5	1:0:0	5:0:0:0:0:0:0	0	0	0	0	6000	0	1131050801	7	0
1031050405	特种兵体能训练	5	1033010905:0:0	5	1:0:0	5:0:0:0:0:0:0	0	0	0	0	7000	0	1131050801	7	0
1031050501	野性激发	1	1033012901:0:0	5	1:0:0	5:0:0:0:0:0:0	0	0	0	0	2200	0	1131110301	8	0
1031050502	野性激发	2	1033012902:0:0	5	1:0:0	5:0:0:0:0:0:0	0	0	0	0	2400	0	1131110301	8	0
1031050503	野性激发	3	1033012903:0:0	5	1:0:0	5:0:0:0:0:0:0	0	0	0	0	2600	0	1131110301	8	0
1031050504	野性激发	4	1033012904:0:0	5	1:0:0	5:0:0:0:0:0:0	0	0	0	0	2800	0	1131110301	8	0
1031050505	野性激发	5	1033012905:0:0	5	1:0:0	5:0:0:0:0:0:0	0	0	0	0	3000	0	1131110301	8	0
1031050506	野性激发	6	1033012906:0:0	5	1:0:0	5:0:0:0:0:0:0	0	0	0	0	3200	0	1131110301	8	0
1031050507	野性激发	7	1033012907:0:0	5	1:0:0	5:0:0:0:0:0:0	0	0	0	0	3400	0	1131110301	8	0
1031050508	野性激发	8	1033012908:0:0	5	1:0:0	5:0:0:0:0:0:0	0	0	0	0	3600	0	1131110301	8	0
1031050509	野性激发	9	1033012909:0:0	5	1:0:0	5:0:0:0:0:0:0	0	0	0	0	3800	0	1131110301	8	0
1031050510	野性激发	10	1033012910:0:0	5	1:0:0	5:0:0:0:0:0:0	0	0	0	0	4000	0	1131110301	8	0
1031050601	瓦解意志	1	1033021001:0:0	5	2:0:0	-1:0:0:0:0:0:0	0	0	0	0	4000	0	1131050701	10	0
1031050602	瓦解意志	2	1033021002:0:0	5	2:0:0	-1:0:0:0:0:0:0	0	0	0	0	4500	0	1131050701	10	0
1031050603	瓦解意志	3	1033021003:0:0	5	2:0:0	-1:0:0:0:0:0:0	0	0	0	0	5000	0	1131050701	10	0
1031050701	穿甲弹	1	1034020132:1034020340:0	1	2:2:0	5:0:0:0:0:0:0	0	0	10000	0	8000	0	1131060601	12	0
1031050702	穿甲弹	2	1034020151:1034020329:0	1	2:2:0	5:0:0:0:0:0:0	0	0	10000	0	12000	0	1131060601	12	0
1031050703	穿甲弹	3	1034020135:1034020330:0	1	2:2:0	5:0:0:0:0:0:0	0	0	10000	0	16000	0	1131060601	12	0
1031050704	穿甲弹	4	1034020156:1034020331:0	1	2:2:0	5:0:0:0:0:0:0	0	0	10000	0	20000	0	1131060601	12	0
1031050705	穿甲弹	5	1034020136:1034020332:0	1	2:2:0	5:0:0:0:0:0:0	0	0	10000	0	24000	0	1131060601	12	0
1031030301	飞针	1	1034020103:0:0	1	2:0:0	10:0:0:0:0:0:0	0	0	0	0	200	0	1131030101	3	0
1031030302	飞针	2	1034020122:0:0	1	2:0:0	10:0:0:0:0:0:0	0	0	0	0	400	0	1131030101	3	0
1031030303	飞针	3	1034020126:0:0	1	2:0:0	10:0:0:0:0:0:0	0	0	0	0	600	0	1131030101	3	0
1031030304	飞针	4	1034020128:0:0	1	2:0:0	10:0:0:0:0:0:0	0	0	0	0	800	0	1131030101	3	0
1031030305	飞针	5	1034020134:0:0	1	2:0:0	10:0:0:0:0:0:0	0	0	0	0	1000	0	1131030101	3	0
1031030306	飞针	6	1034020135:0:0	1	2:0:0	10:0:0:0:0:0:0	0	0	0	0	1200	0	1131030101	3	0
1031030307	飞针	7	1034020136:0:0	1	2:0:0	10:0:0:0:0:0:0	0	0	0	0	1400	0	1131030101	3	0
1031030308	飞针	8	1034020139:0:0	1	2:0:0	10:0:0:0:0:0:0	0	0	0	0	1600	0	1131030101	3	0
1031030309	飞针	9	1034020137:0:0	1	2:0:0	10:0:0:0:0:0:0	0	0	0	0	1800	0	1131030101	3	0
1031030310	飞针	10	1034020140:0:0	1	2:0:0	10:0:0:0:0:0:0	0	0	0	0	2000	0	1131030101	3	0
1031030201	急救	1	1034010228:0:0	1	1:0:0	10:0:0:0:0:0:0	0	10000	0	0	200	0	1131030201	1	0
1031030202	急救	2	1034010206:0:0	1	1:0:0	10:0:0:0:0:0:0	0	10000	0	0	400	0	1131030201	1	0
1031030203	急救	3	1034010229:0:0	1	1:0:0	10:0:0:0:0:0:0	0	10000	0	0	600	0	1131030201	1	0
1031030204	急救	4	1034010233:0:0	1	1:0:0	10:0:0:0:0:0:0	0	10000	0	0	800	0	1131030201	1	0
1031030205	急救	5	1034010234:0:0	1	1:0:0	10:0:0:0:0:0:0	0	10000	0	0	1000	0	1131030201	1	0
1031030206	急救	6	1034010236:0:0	1	1:0:0	10:0:0:0:0:0:0	0	10000	0	0	1200	0	1131030201	1	0
1031030207	急救	7	1034010237:0:0	1	1:0:0	10:0:0:0:0:0:0	0	10000	0	0	1400	0	1131030201	1	0
1031030208	急救	8	1034010238:0:0	1	1:0:0	10:0:0:0:0:0:0	0	10000	0	0	1600	0	1131030201	1	0
1031030209	急救	9	1034010239:0:0	1	1:0:0	10:0:0:0:0:0:0	0	10000	0	0	1800	0	1131030201	1	0
1031030210	急救	10	1034010240:0:0	1	1:0:0	10:0:0:0:0:0:0	0	10000	0	0	2000	0	1131030201	1	0
1031030101	人体学	1	1033012601:0:0	5	1:0:0	10:0:0:0:0:0:0	0	0	0	0	100	0	1131060201	2	0
1031030102	人体学	2	1033012602:0:0	5	1:0:0	10:0:0:0:0:0:0	0	0	0	0	200	0	1131060201	2	0
1031030103	人体学	3	1033012603:0:0	5	1:0:0	10:0:0:0:0:0:0	0	0	0	0	300	0	1131060201	2	0
1031030104	人体学	4	1033012604:0:0	5	1:0:0	10:0:0:0:0:0:0	0	0	0	0	400	0	1131060201	2	0
1031030105	人体学	5	1033012605:0:0	5	1:0:0	10:0:0:0:0:0:0	0	0	0	0	500	0	1131060201	2	0
1031030106	人体学	6	1033012606:0:0	5	1:0:0	10:0:0:0:0:0:0	0	0	0	0	600	0	1131060201	2	0
1031030107	人体学	7	1033012607:0:0	5	1:0:0	10:0:0:0:0:0:0	0	0	0	0	700	0	1131060201	2	0
1031030108	人体学	8	1033012608:0:0	5	1:0:0	10:0:0:0:0:0:0	0	0	0	0	800	0	1131060201	2	0
1031030109	人体学	9	1033012609:0:0	5	1:0:0	10:0:0:0:0:0:0	0	0	0	0	900	0	1131060201	2	0
1031030110	人体学	10	1033012610:0:0	5	1:0:0	10:0:0:0:0:0:0	0	0	0	0	1000	0	1131060201	2	0
1031100101	静脉注射	1	1033011801:0:0	5	1:0:0	10:0:0:0:0:0:0	0	0	0	0	1000	0	1131100101	4	0
1031100102	静脉注射	2	1033011802:0:0	5	1:0:0	10:0:0:0:0:0:0	0	0	0	0	1500	0	1131100101	4	0
1031100103	静脉注射	3	1033011803:0:0	5	1:0:0	10:0:0:0:0:0:0	0	0	0	0	2000	0	1131100101	4	0
1031100104	静脉注射	4	1033011804:0:0	5	1:0:0	10:0:0:0:0:0:0	0	0	0	0	2500	0	1131100101	4	0
1031100105	静脉注射	5	1033011805:0:0	5	1:0:0	10:0:0:0:0:0:0	0	0	0	0	3000	0	1131100101	4	0
1031100106	静脉注射	6	1033011806:0:0	5	1:0:0	10:0:0:0:0:0:0	0	0	0	0	3500	0	1131100101	4	0
1031100201	连锁注射	1	1034010201:0:0	5	1:0:0	10:0:0:0:0:0:0	0	0	0	0	1500	0	1131100201	6	0
1031100202	连锁注射	2	1034010202:0:0	5	1:0:0	10:0:0:0:0:0:0	0	0	0	0	2500	0	1131100201	6	0
1031100203	连锁注射	3	1034010203:0:0	5	1:0:0	10:0:0:0:0:0:0	0	0	0	0	3500	0	1131100201	6	0
1031100204	连锁注射	4	1034010204:0:0	5	1:0:0	10:0:0:0:0:0:0	0	0	0	0	4500	0	1131100201	6	0
1031100301	浪漫飞刀	1	1034020101:0:0	2	2:0:0	10:0:0:0:0:0:0	0	0	0	0	1400	0	1131030001	5	0
1031100302	浪漫飞刀	2	1034020108:0:0	2	2:0:0	10:0:0:0:0:0:0	0	0	0	0	1600	0	1131030001	5	0
1031100303	浪漫飞刀	3	1034020122:0:0	2	2:0:0	10:0:0:0:0:0:0	0	0	0	0	1800	0	1131030001	5	0
1031100304	浪漫飞刀	4	1034020105:0:0	2	2:0:0	10:0:0:0:0:0:0	0	0	0	0	2000	0	1131030001	5	0
1031100305	浪漫飞刀	5	1034020127:0:0	2	2:0:0	10:0:0:0:0:0:0	0	0	0	0	2200	0	1131030001	5	0
1031100306	浪漫飞刀	6	1034020113:0:0	2	2:0:0	10:0:0:0:0:0:0	0	0	0	0	2400	0	1131030001	5	0
1031100307	浪漫飞刀	7	1034020134:0:0	2	2:0:0	10:0:0:0:0:0:0	0	0	0	0	2600	0	1131030001	5	0
1031100308	浪漫飞刀	8	1034020151:0:0	2	2:0:0	10:0:0:0:0:0:0	0	0	0	0	2800	0	1131030001	5	0
1031100309	浪漫飞刀	9	1034020136:0:0	2	2:0:0	10:0:0:0:0:0:0	0	0	0	0	3200	0	1131030001	5	0
1031100310	浪漫飞刀	10	1034020148:0:0	2	2:0:0	10:0:0:0:0:0:0	0	0	0	0	3600	0	1131030001	5	0
1031100311	浪漫飞刀	11	1034020137:0:0	2	2:0:0	10:0:0:0:0:0:0	0	0	0	0	5300	0	1131030001	5	0
1031100312	浪漫飞刀	12	1034020149:0:0	2	2:0:0	10:0:0:0:0:0:0	0	0	0	0	7000	0	1131030001	5	0
1031100313	浪漫飞刀	13	1034020140:0:0	2	2:0:0	10:0:0:0:0:0:0	0	0	0	0	8700	0	1131030001	5	0
1031100314	浪漫飞刀	14	1034020150:0:0	2	2:0:0	10:0:0:0:0:0:0	0	0	0	0	10400	0	1131030001	5	0
1031100315	浪漫飞刀	15	1034020138:0:0	2	2:0:0	10:0:0:0:0:0:0	0	0	0	0	12100	0	1131030001	5	0
1031100316	浪漫飞刀	16	1034020152:0:0	2	2:0:0	10:0:0:0:0:0:0	0	0	0	0	13800	0	1131030001	5	0
1031100317	浪漫飞刀	17	1034020141:0:0	2	2:0:0	10:0:0:0:0:0:0	0	0	0	0	15500	0	1131030001	5	0
1031100318	浪漫飞刀	18	1034020153:0:0	2	2:0:0	10:0:0:0:0:0:0	0	0	0	0	17200	0	1131030001	5	0
1031100319	浪漫飞刀	19	1034020154:0:0	2	2:0:0	10:0:0:0:0:0:0	0	0	0	0	18900	0	1131030001	5	0
1031100320	浪漫飞刀	20	1034020155:0:0	2	2:0:0	10:0:0:0:0:0:0	0	0	0	0	20600	0	1131030001	5	0
1031100321	浪漫飞刀	21	1034020142:0:0	2	2:0:0	10:0:0:0:0:0:0	0	0	0	0	22300	0	1131030001	5	0
1031100401	心灵启示	1	1033011101:0:0	5	1:0:0	10:0:0:0:0:0:0	0	0	0	0	3000	0	1131100301	8	0
1031100402	心灵启示	2	1033011102:0:0	5	1:0:0	10:0:0:0:0:0:0	0	0	0	0	4000	0	1131100301	8	0
1031100403	心灵启示	3	1033011103:0:0	5	1:0:0	10:0:0:0:0:0:0	0	0	0	0	5000	0	1131100301	8	0
1031100404	心灵启示	4	1033011104:0:0	5	1:0:0	10:0:0:0:0:0:0	0	0	0	0	6000	0	1131100301	8	0
1031100405	心灵启示	5	1033011105:0:0	5	1:0:0	10:0:0:0:0:0:0	0	0	0	0	7000	0	1131100301	8	0
1031100501	高级急救	1	1034010207:0:0	1	1:0:0	10:0:0:0:0:0:0	0	10000	0	0	2500	0	1131030301	9	0
1031100502	高级急救	2	1034010230:0:0	1	1:0:0	10:0:0:0:0:0:0	0	10000	0	0	3000	0	1131030301	9	0
1031100503	高级急救	3	1034010231:0:0	1	1:0:0	10:0:0:0:0:0:0	0	10000	0	0	3500	0	1131030301	9	0
1031100504	高级急救	4	1034010232:0:0	1	1:0:0	10:0:0:0:0:0:0	0	10000	0	0	4000	0	1131030301	9	0
1031100505	高级急救	5	1034010244:0:0	1	1:0:0	10:0:0:0:0:0:0	0	10000	0	0	4500	0	1131030301	9	0
1031100506	高级急救	6	1034010245:0:0	1	1:0:0	10:0:0:0:0:0:0	0	10000	0	0	5000	0	1131030301	9	0
1031100507	高级急救	7	1034010246:0:0	1	1:0:0	10:0:0:0:0:0:0	0	10000	0	0	6000	0	1131030301	9	0
1031100508	高级急救	8	1034010260:0:0	1	1:0:0	10:0:0:0:0:0:0	0	10000	0	0	7000	0	1131030301	9	0
1031100509	高级急救	9	1034010261:0:0	1	1:0:0	10:0:0:0:0:0:0	0	10000	0	0	8000	0	1131030301	9	0
1031100510	高级急救	10	1034010262:0:0	1	1:0:0	10:0:0:0:0:0:0	0	10000	0	0	9000	0	1131030301	9	0
1031100601	高级连锁注射	1	1034010253:0:0	5	1:0:0	10:0:0:0:0:0:0	0	0	0	0	5000	0	1131060101	10	0
1031100602	高级连锁注射	2	1034010254:0:0	5	1:0:0	10:0:0:0:0:0:0	0	0	0	0	5500	0	1131060101	10	0
1031100603	高级连锁注射	3	1034010255:0:0	5	1:0:0	10:0:0:0:0:0:0	0	0	0	0	6000	0	1131060101	10	0
1031100604	高级连锁注射	4	1034010256:0:0	5	1:0:0	10:0:0:0:0:0:0	0	0	0	0	6500	0	1131060101	10	0
1031100605	高级连锁注射	5	1034010257:0:0	5	1:0:0	10:0:0:0:0:0:0	0	0	0	0	7000	0	1131060101	10	0
1031100606	高级连锁注射	6	1034010258:0:0	5	1:0:0	10:0:0:0:0:0:0	0	0	0	0	8000	0	1131060101	10	0
1031100607	高级连锁注射	7	1034010259:0:0	5	1:0:0	10:0:0:0:0:0:0	0	0	0	0	9000	0	1131060101	10	0
1031100608	高级连锁注射	8	1034010263:0:0	5	1:0:0	10:0:0:0:0:0:0	0	0	0	0	10000	0	1131060101	10	0
1031100609	高级连锁注射	9	1034010264:0:0	5	1:0:0	10:0:0:0:0:0:0	0	0	0	0	11000	0	1131060101	10	0
1031100610	高级连锁注射	10	1034010265:0:0	5	1:0:0	10:0:0:0:0:0:0	0	0	0	0	12000	0	1131060101	10	0
1031100701	伤口感染	1	1033020501:0:0	5	2:0:0	-1:0:0:0:0:0:0	0	0	0	0	5000	0	1131100001	14	0
1031100702	伤口感染	2	1033020502:0:0	5	2:0:0	-1:0:0:0:0:0:0	0	0	0	0	5500	0	1131100001	14	0
1031100703	伤口感染	3	1033020503:0:0	5	2:0:0	-1:0:0:0:0:0:0	0	0	0	0	6000	0	1131100001	14	0
1031100801	强心针	1	1033011501:0:0	5	1:0:0	10:0:0:0:0:0:0	0	0	0	0	12000	0	1131100701	13	0
1031100802	强心针	2	1033011502:0:0	5	1:0:0	10:0:0:0:0:0:0	0	0	0	0	14000	0	1131100701	13	0
1031100803	强心针	3	1033011503:0:0	5	1:0:0	10:0:0:0:0:0:0	0	0	0	0	16000	0	1131100701	13	0
1031100804	强心针	4	1033011504:0:0	5	1:0:0	10:0:0:0:0:0:0	0	0	0	0	18000	0	1131100701	13	0
1031100805	强心针	5	1033011505:0:0	5	1:0:0	10:0:0:0:0:0:0	0	0	0	0	20000	0	1131100701	13	0
1031100901	闪电针	1	1034020132:1034020342:0	1	2:2:0	10:0:0:0:0:0:0	0	0	10000	0	10000	0	1131030501	15	0
1031100902	闪电针	2	1034020151:1034020343:0	1	2:2:0	10:0:0:0:0:0:0	0	0	10000	0	15000	0	1131030501	15	0
1031100903	闪电针	3	1034020135:1034020344:0	1	2:2:0	10:0:0:0:0:0:0	0	0	10000	0	20000	0	1131030501	15	0
1031100904	闪电针	4	1034020156:1034020345:0	1	2:2:0	10:0:0:0:0:0:0	0	0	10000	0	25000	0	1131030501	15	0
1031100905	闪电针	5	1034020136:1034020346:0	1	2:2:0	10:0:0:0:0:0:0	0	0	10000	0	30000	0	1131030501	15	0
1031040001	动感光波	1	1034020103:0:0	1	2:0:0	11:0:0:0:0:0:0	0	0	0	0	30	0	1131040001	1	0
1031040207	魔幻飞牌	1	1034020116:0:0	2	2:0:0	11:0:0:0:0:0:0	0	0	0	0	200	0	1131040201	2	0
1031040201	魔幻飞牌	2	1034020101:0:0	2	2:0:0	11:0:0:0:0:0:0	0	0	0	0	500	0	1131040201	2	0
1031040202	魔幻飞牌	3	1034020104:0:0	2	2:0:0	11:0:0:0:0:0:0	0	0	0	0	800	0	1131040201	2	0
1031040203	魔幻飞牌	4	1034020120:0:0	2	2:0:0	11:0:0:0:0:0:0	0	0	0	0	1200	0	1131040201	2	0
1031040204	魔幻飞牌	5	1034020127:0:0	2	2:0:0	11:0:0:0:0:0:0	0	0	0	0	1500	0	1131040201	2	0
1031040205	魔幻飞牌	6	1034020128:0:0	2	2:0:0	11:0:0:0:0:0:0	0	0	0	0	1800	0	1131040201	2	0
1031040206	魔幻飞牌	7	1034020121:0:0	2	2:0:0	11:0:0:0:0:0:0	0	0	0	0	2100	0	1131040201	2	0
1031040208	魔幻飞牌	8	1034020134:0:0	2	2:0:0	11:0:0:0:0:0:0	0	0	0	0	2400	0	1131040201	2	0
1031040209	魔幻飞牌	9	1034020132:0:0	2	2:0:0	11:0:0:0:0:0:0	0	0	0	0	2700	0	1131040201	2	0
1031040210	魔幻飞牌	10	1034020135:0:0	2	2:0:0	11:0:0:0:0:0:0	0	0	0	0	3000	0	1131040201	2	0
1031040301	意识流	1	1034020109:0:0	3	2:0:0	11:0:0:0:0:0:0	0	0	0	0	400	0	1131110201	3	0
1031040302	意识流	2	1034020116:0:0	3	2:0:0	11:0:0:0:0:0:0	0	0	0	0	600	0	1131110201	3	0
1031040303	意识流	3	1034020101:0:0	3	2:0:0	11:0:0:0:0:0:0	0	0	0	0	1000	0	1131110201	3	0
1031040304	意识流	4	1034020104:0:0	3	2:0:0	11:0:0:0:0:0:0	0	0	0	0	1500	0	1131110201	3	0
1031040305	意识流	5	1034020120:0:0	3	2:0:0	11:0:0:0:0:0:0	0	0	0	0	2000	0	1131110201	3	0
1031040306	意识流	6	1034020126:0:0	3	2:0:0	11:0:0:0:0:0:0	0	0	0	0	2500	0	1131110201	3	0
1031040307	意识流	7	1034020127:0:0	3	2:0:0	11:0:0:0:0:0:0	0	0	0	0	3000	0	1131110201	3	0
1031040308	意识流	8	1034020128:0:0	3	2:0:0	11:0:0:0:0:0:0	0	0	0	0	3500	0	1131110201	3	0
1031040309	意识流	9	1034020121:0:0	3	2:0:0	11:0:0:0:0:0:0	0	0	0	0	4000	0	1131110201	3	0
1031040310	意识流	10	1034020134:0:0	3	2:0:0	11:0:0:0:0:0:0	0	0	0	0	4500	0	1131110201	3	0
1031040401	纸牌旋涡	1	1034020136:0:0	2	2:0:0	11:0:0:0:0:0:0	0	0	0	0	3500	0	1131120001	7	0
1031040402	纸牌旋涡	2	1034020147:0:0	2	2:0:0	11:0:0:0:0:0:0	0	0	0	0	4000	0	1131120001	7	0
1031040403	纸牌旋涡	3	1034020139:0:0	2	2:0:0	11:0:0:0:0:0:0	0	0	0	0	4500	0	1131120001	7	0
1031040404	纸牌旋涡	4	1034020148:0:0	2	2:0:0	11:0:0:0:0:0:0	0	0	0	0	5000	0	1131120001	7	0
1031040405	纸牌旋涡	5	1034020137:0:0	2	2:0:0	11:0:0:0:0:0:0	0	0	0	0	5500	0	1131120001	7	0
1031040406	纸牌旋涡	6	1034020149:0:0	2	2:0:0	11:0:0:0:0:0:0	0	0	0	0	6000	0	1131120001	7	0
1031040407	纸牌旋涡	7	1034020140:0:0	2	2:0:0	11:0:0:0:0:0:0	0	0	0	0	6500	0	1131120001	7	0
1031040408	纸牌旋涡	8	1034020150:0:0	2	2:0:0	11:0:0:0:0:0:0	0	0	0	0	7000	0	1131120001	7	0
1031040409	纸牌旋涡	9	1034020138:0:0	2	2:0:0	11:0:0:0:0:0:0	0	0	0	0	7500	0	1131120001	7	0
1031040410	纸牌旋涡	10	1034020152:0:0	2	2:0:0	11:0:0:0:0:0:0	0	0	0	0	8000	0	1131120001	7	0
1031040501	纸牌风暴	1	1034020127:0:0	5	2:0:0	11:0:0:0:0:0:0	0	0	0	0	8000	0	1131110401	8	0
1031040502	纸牌风暴	2	1034020111:0:0	5	2:0:0	11:0:0:0:0:0:0	0	0	0	0	9000	0	1131110401	8	0
1031040503	纸牌风暴	3	1034020128:0:0	5	2:0:0	11:0:0:0:0:0:0	0	0	0	0	10000	0	1131110401	8	0
1031040504	纸牌风暴	4	1034020113:0:0	5	2:0:0	11:0:0:0:0:0:0	0	0	0	0	11000	0	1131110401	8	0
1031040505	纸牌风暴	5	1034020121:0:0	5	2:0:0	11:0:0:0:0:0:0	0	0	0	0	12000	0	1131110401	8	0
1031040506	纸牌风暴	6	1034020165:0:0	5	2:0:0	11:0:0:0:0:0:0	0	0	0	0	13700	0	1131110401	8	0
1031040507	纸牌风暴	7	1034020166:0:0	5	2:0:0	11:0:0:0:0:0:0	0	0	0	0	15400	0	1131110401	8	0
1031040508	纸牌风暴	8	1034020167:0:0	5	2:0:0	11:0:0:0:0:0:0	0	0	0	0	17100	0	1131110401	8	0
1031040509	纸牌风暴	9	1034020168:0:0	5	2:0:0	11:0:0:0:0:0:0	0	0	0	0	18800	0	1131110401	8	0
1031040510	纸牌风暴	10	1034020132:0:0	5	2:0:0	11:0:0:0:0:0:0	0	0	0	0	20500	0	1131110401	8	0
1031040511	纸牌风暴	11	1034020169:0:0	5	2:0:0	11:0:0:0:0:0:0	0	0	0	0	22200	0	1131110401	8	0
1031040512	纸牌风暴	12	1034020174:0:0	5	2:0:0	11:0:0:0:0:0:0	0	0	0	0	23900	0	1131110401	8	0
1031040513	纸牌风暴	13	1034020175:0:0	5	2:0:0	11:0:0:0:0:0:0	0	0	0	0	25600	0	1131110401	8	0
1031040514	纸牌风暴	14	1034020176:0:0	5	2:0:0	11:0:0:0:0:0:0	0	0	0	0	27300	0	1131110401	8	0
1031040515	纸牌风暴	15	1034020136:0:0	5	2:0:0	11:0:0:0:0:0:0	0	0	0	0	29000	0	1131110401	8	0
1031040516	纸牌风暴	16	1034020177:0:0	5	2:0:0	11:0:0:0:0:0:0	0	0	0	0	30700	0	1131110401	8	0
1031040601	爆炸飞牌	1	1034020131:0:0	1	2:0:0	11:0:0:0:0:0:0	0	0	0	0	10000	0	1131100801	11	0
1031040602	爆炸飞牌	2	1034020144:0:0	1	2:0:0	11:0:0:0:0:0:0	0	0	0	0	15000	0	1131100801	11	0
1031040603	爆炸飞牌	3	1034020146:0:0	1	2:0:0	11:0:0:0:0:0:0	0	0	0	0	20000	0	1131100801	11	0
1031040604	爆炸飞牌	4	1034020158:0:0	1	2:0:0	11:0:0:0:0:0:0	0	0	0	0	25000	0	1131100801	11	0
1031040605	爆炸飞牌	5	1034020159:0:0	1	2:0:0	11:0:0:0:0:0:0	0	0	0	0	30000	0	1131100801	11	0
1031150001	波波爆	1	1034020101:0:0	5	2:0:0	-1:0:0:0:0:0:0	0	0	0	0	0	0	1131110201	1	0
1031150002	强力波波爆	2	1034020122:0:0	5	2:0:0	-1:0:0:0:0:0:0	0	0	0	0	0	0	1131110201	1	0
1031110001	飞骰冲击	1	1034020116:0:0	4	2:0:0	11:0:0:0:0:0:0	0	0	0	0	1200	0	1131110001	4	0
1031110002	飞骰冲击	2	1034020101:0:0	4	2:0:0	11:0:0:0:0:0:0	0	0	0	0	2000	0	1131110001	4	0
1031110003	飞骰冲击	3	1034020104:0:0	4	2:0:0	11:0:0:0:0:0:0	0	0	0	0	3000	0	1131110001	4	0
1031110004	飞骰冲击	4	1034020120:0:0	4	2:0:0	11:0:0:0:0:0:0	0	0	0	0	4500	0	1131110001	4	0
1031110005	飞骰冲击	5	1034020127:0:0	4	2:0:0	11:0:0:0:0:0:0	0	0	0	0	6000	0	1131110001	4	0
1031110006	飞骰冲击	6	1034020121:0:0	4	2:0:0	11:0:0:0:0:0:0	0	0	0	0	7500	0	1131110001	4	0
1031150101	强力倍击	1	1034020131:0:0	1	2:0:0	-1:0:0:0:0:0:0	0	0	0	0	0	0	1131110201	1	0
1031150102	倍击	1	1034020132:0:0	1	2:0:0	-1:0:0:0:0:0:0	0	0	0	0	0	0	1131110201	1	0
1031150103	重击	1	1034020126:0:0	1	2:0:0	-1:0:0:0:0:0:0	0	0	0	0	0	0	1131110201	1	0
1031150003	双珠连爆	1	1034020101:0:0	2	2:0:0	-1:0:0:0:0:0:0	0	0	0	0	0	0	1131110201	1	0
1031150004	连锁雷爆	2	1034020101:0:0	3	2:0:0	-1:0:0:0:0:0:0	0	0	0	0	0	0	1131110201	1	0
1031150201	河东狮吼	1	1034020128:0:0	5	2:0:0	-1:0:0:0:0:0:0	0	0	0	0	0	0	1131110201	1	0
1031150301	威力一击（1000）	1	1034020101:1034020320:0	1	2:2:0	-1:0:0:0:0:0:0	0	0	10000	0	0	0	1131110201	1	0
1031150302	粗鲁一击（1500）	2	1034020101:1034020315:0	1	2:2:0	-1:0:0:0:0:0:0	0	0	10000	0	0	0	1131110201	1	0
1031150303	霸气一击（5000）	3	1034020101:1034020328:0	1	2:2:0	-1:0:0:0:0:0:0	0	0	10000	0	0	0	1131110201	1	0
1031150401	面目全非脚	1	1034020101:1034020101:0	1	2:2:0	-1:0:0:0:0:0:0	0	0	10000	0	0	0	1131110201	1	0
1031150501	止血菠菜一级	1	1034010241:0:0	1	3:0:0	-1:0:0:0:0:0:0	0	0	0	0	0	0	1131110201	1	0
1031150502	止血菠菜二级	2	1034010242:0:0	1	3:0:0	-1:0:0:0:0:0:0	0	0	0	0	0	0	1131110201	1	0
1031150601	致命诱惑	1	1033020401:0:0	10	2:0:0	-1:0:0:0:0:0:0	0	0	0	0	0	0	1131110201	1	0
1031150701	糨糊灌鼎	1	1033020101:0:0	10	2:0:0	-1:0:0:0:0:0:0	0	0	0	0	0	0	1131110201	1	0
1031150801	吸魔大法	1	1034010243:0:0	1	2:0:0	-1:0:0:0:0:0:0	0	0	0	0	0	0	1131110201	1	0
1031150901	特级超声波1级（150%-11000）	1	1034020126:1034020364:0	1	2:2:0	-1:0:0:0:0:0:0	0	0	10000	0	0	0	1131110201	1	0
1031150902	特级超声波2级（150%-30000）	2	1034020126:1034020379:0	1	2:2:0	-1:0:0:0:0:0:0	0	0	10000	0	0	0	1131110201	1	0
1031150903	特级超声波3级（150%-100000）	3	1034020126:1034020380:0	1	2:2:0	-1:0:0:0:0:0:0	0	0	10000	0	0	0	1131110201	1	0
1031150904	特级超声波4级（150%-180000）	4	1034020126:1034020381:0	1	2:2:0	-1:0:0:0:0:0:0	0	0	10000	0	0	0	1131110201	1	0
1031150905	特级超声波5级（150%-280000）	5	1034020126:1034020382:0	1	2:2:0	-1:0:0:0:0:0:0	0	0	10000	0	0	0	1131110201	1	0
1031150906	特级超声波6级（150%-400000）	6	1034020126:1034020383:0	1	2:2:0	-1:0:0:0:0:0:0	0	0	10000	0	0	0	1131110201	1	0
1031151001	超声波1级（130%-8000）	1	1034020122:1034020363:0	1	2:2:0	-1:0:0:0:0:0:0	0	0	10000	0	0	0	1131110201	1	0
1031151002	超声波2级（130%-20000）	2	1034020122:1034020384:0	1	2:2:0	-1:0:0:0:0:0:0	0	0	10000	0	0	0	1131110201	1	0
1031151003	超声波3级（130%-80000）	3	1034020122:1034020385:0	1	2:2:0	-1:0:0:0:0:0:0	0	0	10000	0	0	0	1131110201	1	0
1031151004	超声波4级（130%-150000）	4	1034020122:1034020386:0	1	2:2:0	-1:0:0:0:0:0:0	0	0	10000	0	0	0	1131110201	1	0
1031151005	超声波5级（130%-250000）	5	1034020122:1034020387:0	1	2:2:0	-1:0:0:0:0:0:0	0	0	10000	0	0	0	1131110201	1	0
1031151006	超声波6级（130%-350000）	6	1034020122:1034020388:0	1	2:2:0	-1:0:0:0:0:0:0	0	0	10000	0	0	0	1131110201	1	0
1031151101	致命一击1级（20%抽血）	1	1034020338:0:0	1	2:0:0	-1:0:0:0:0:0:0	0	0	0	0	0	0	1131110201	1	0
1031151102	致命一击2级（20%抽血2体）	2	1034020338:0:0	2	2:0:0	-1:0:0:0:0:0:0	0	0	0	0	0	0	1131110201	1	0
1031151103	致命一击3级（20%抽血3体）	3	1034020338:0:0	3	2:0:0	-1:0:0:0:0:0:0	0	0	0	0	0	0	1131110201	1	0
1031151104	致命一击（30%抽血2体）	1	1034020396:0:0	2	2:0:0	-1:0:0:0:0:0:0	0	0	0	0	0	0	1131110201	1	0
1031151201	精神震荡波(全体攻击)	1	1034020101:0:0	5	2:0:0	-1:0:0:0:0:0:0	0	0	0	0	0	0	1131110201	1	0
1031151301	生者必灭	1	1034020378:0:0	5	2:0:0	-1:0:0:0:0:0:0	0	0	0	0	0	0	1131110201	1	0
1031160001	飞火流星	1	1034020132:0:0	1	2:0:0	14:0:0:0:0:0:0	0	0	0	0	900	0	1131160001	1	0
1031160002	飞火流星	2	1034020156:0:0	1	2:0:0	14:0:0:0:0:0:0	0	0	0	0	1000	0	1131160001	1	0
1031160003	飞火流星	3	1034020139:0:0	1	2:0:0	14:0:0:0:0:0:0	0	0	0	0	1200	0	1131160001	1	0
1031160004	飞火流星	4	1034020149:0:0	1	2:0:0	14:0:0:0:0:0:0	0	0	0	0	1500	0	1131160001	1	0
1031160005	飞火流星	5	1034020138:0:0	1	2:0:0	14:0:0:0:0:0:0	0	0	0	0	1700	0	1131160001	1	0
1031160006	飞火流星	6	1034020153:0:0	1	2:0:0	14:0:0:0:0:0:0	0	0	0	0	1850	0	1131160001	1	0
1031160007	飞火流星	7	1034020142:0:0	1	2:0:0	14:0:0:0:0:0:0	0	0	0	0	2000	0	1131160001	1	0
1031160008	飞火流星	8	1034020143:0:0	1	2:0:0	14:0:0:0:0:0:0	0	0	0	0	3000	0	1131160001	1	0
1031160009	飞火流星	9	1034020146:0:0	1	2:0:0	14:0:0:0:0:0:0	0	0	0	0	4500	0	1131160001	1	0
1031160010	飞火流星	10	1034020178:0:0	1	2:0:0	14:0:0:0:0:0:0	0	0	0	0	6000	0	1131160001	1	0
1031160011	飞火流星	11	1034020158:0:0	1	2:0:0	14:0:0:0:0:0:0	0	0	0	0	7500	0	1131160001	1	0
1031160012	飞火流星	12	1034020179:0:0	1	2:0:0	14:0:0:0:0:0:0	0	0	0	0	9000	0	1131160001	1	0
1031160013	飞火流星	13	1034020159:0:0	1	2:0:0	14:0:0:0:0:0:0	0	0	0	0	10500	0	1131160001	1	0
1031160014	飞火流星	14	1034020180:0:0	1	2:0:0	14:0:0:0:0:0:0	0	0	0	0	12000	0	1131160001	1	0
1031160015	飞火流星	15	1034020181:0:0	1	2:0:0	14:0:0:0:0:0:0	0	0	0	0	13500	0	1131160001	1	0
1031160016	飞火流星	16	1034020182:0:0	1	2:0:0	14:0:0:0:0:0:0	0	0	0	0	15000	0	1131160001	1	0
1031160017	飞火流星	17	1034020183:0:0	1	2:0:0	14:0:0:0:0:0:0	0	0	0	0	16500	0	1131160001	1	0
1031160018	飞火流星	18	1034020184:0:0	1	2:0:0	14:0:0:0:0:0:0	0	0	0	0	18000	0	1131160001	1	0
1031160019	飞火流星	19	1034020185:0:0	1	2:0:0	14:0:0:0:0:0:0	0	0	0	0	19500	0	1131160001	1	0
1031160020	飞火流星	20	1034020186:0:0	1	2:0:0	14:0:0:0:0:0:0	0	0	0	0	21000	0	1131160001	1	0
1031160021	飞火流星	21	1034020187:0:0	1	2:0:0	14:0:0:0:0:0:0	0	0	0	0	22500	0	1131160001	1	0
1031160101	圆月弯刀	1	1034020128:0:0	3	2:0:0	14:0:0:0:0:0:0	0	0	0	0	4200	0	1131160101	2	0
1031160102	圆月弯刀	2	1034020121:0:0	3	2:0:0	14:0:0:0:0:0:0	0	0	0	0	5000	0	1131160101	2	0
1031160103	圆月弯刀	3	1034020134:0:0	3	2:0:0	14:0:0:0:0:0:0	0	0	0	0	7000	0	1131160101	2	0
1031160104	圆月弯刀	4	1034020132:0:0	3	2:0:0	14:0:0:0:0:0:0	0	0	0	0	10000	0	1131160101	2	0
1031160105	圆月弯刀	5	1034020135:0:0	3	2:0:0	14:0:0:0:0:0:0	0	0	0	0	13000	0	1131160101	2	0
1031160106	圆月弯刀	6	1034020136:0:0	3	2:0:0	14:0:0:0:0:0:0	0	0	0	0	16000	0	1131160101	2	0
1031160107	圆月弯刀	7	1034020139:0:0	3	2:0:0	14:0:0:0:0:0:0	0	0	0	0	19000	0	1131160101	2	0
1031160108	圆月弯刀	8	1034020137:0:0	3	2:0:0	14:0:0:0:0:0:0	0	0	0	0	23000	0	1131160101	2	0
1031160109	圆月弯刀	9	1034020140:0:0	3	2:0:0	14:0:0:0:0:0:0	0	0	0	0	27000	0	1131160101	2	0
1031160110	圆月弯刀	10	1034020138:0:0	3	2:0:0	14:0:0:0:0:0:0	0	0	0	0	31000	0	1131160101	2	0
1031160111	圆月弯刀	11	1034020141:0:0	3	2:0:0	14:0:0:0:0:0:0	0	0	0	0	35000	0	1131160101	2	0
1031160112	圆月弯刀	12	1034020154:0:0	3	2:0:0	14:0:0:0:0:0:0	0	0	0	0	39000	0	1131160101	2	0
1031160201	飞龙在天	1	1034020120:1034020340:0	1	2:2:0	14:0:0:0:0:0:0	0	0	10000	0	4000	0	1131160201	4	0
1031160202	飞龙在天	2	1034020126:1034020347:0	1	2:2:0	14:0:0:0:0:0:0	0	0	10000	0	6000	0	1131160201	4	0
1031160203	飞龙在天	3	1034020127:1034020348:0	1	2:2:0	14:0:0:0:0:0:0	0	0	10000	0	8000	0	1131160201	4	0
1031160204	飞龙在天	4	1034020128:1034020349:0	1	2:2:0	14:0:0:0:0:0:0	0	0	10000	0	10000	0	1131160201	4	0
1031160205	飞龙在天	5	1034020121:1034020350:0	1	2:2:0	14:0:0:0:0:0:0	0	0	10000	0	12000	0	1131160201	4	0
1031160206	飞龙在天	6	1034020134:1034020351:0	1	2:2:0	14:0:0:0:0:0:0	0	0	10000	0	15000	0	1131160201	4	0
1031160207	飞龙在天	7	1034020132:1034020352:0	1	2:2:0	14:0:0:0:0:0:0	0	0	10000	0	18000	0	1131160201	4	0
1031160208	飞龙在天	8	1034020135:1034020353:0	1	2:2:0	14:0:0:0:0:0:0	0	0	10000	0	21000	0	1131160201	4	0
1031160209	飞龙在天	9	1034020136:1034020354:0	1	2:2:0	14:0:0:0:0:0:0	0	0	10000	0	24000	0	1131160201	4	0
1031160210	飞龙在天	10	1034020188:1034020355:0	1	2:2:0	14:0:0:0:0:0:0	0	0	10000	0	27000	0	1131160201	4	0
1031160211	飞龙在天	11	1034020189:1034020356:0	1	2:2:0	14:0:0:0:0:0:0	0	0	10000	0	30000	0	1131160201	4	0
1031160212	飞龙在天	12	1034020173:1034020357:0	1	2:2:0	14:0:0:0:0:0:0	0	0	10000	0	33000	0	1131160201	4	0
1031160213	飞龙在天	13	1034020190:1034020358:0	1	2:2:0	14:0:0:0:0:0:0	0	0	10000	0	36000	0	1131160201	4	0
1031160214	飞龙在天	14	1034020148:1034020359:0	1	2:2:0	14:0:0:0:0:0:0	0	0	10000	0	39000	0	1131160201	4	0
1031160215	飞龙在天	15	1034020191:1034020360:0	1	2:2:0	14:0:0:0:0:0:0	0	0	10000	0	42000	0	1131160201	4	0
1031170001	精神波	1	1034020121:0:0	1	2:0:0	16:0:0:0:0:0:0	0	0	0	0	2000	0	1131170001	1	0
1031170002	精神波	2	1034020134:0:0	1	2:0:0	16:0:0:0:0:0:0	0	0	0	0	2500	0	1131170001	1	0
1031170003	精神波	3	1034020120:0:0	1	2:0:0	16:0:0:0:0:0:0	0	0	0	0	3000	0	1131170001	1	0
1031170004	精神波	4	1034020135:0:0	1	2:0:0	16:0:0:0:0:0:0	0	0	0	0	3500	0	1131170001	1	0
1031170005	精神波	5	1034020136:0:0	1	2:0:0	16:0:0:0:0:0:0	0	0	0	0	5000	0	1131170001	1	0
1031170006	精神波	6	1034020139:0:0	1	2:0:0	16:0:0:0:0:0:0	0	0	0	0	6500	0	1131170001	1	0
1031170007	精神波	7	1034020137:0:0	1	2:0:0	16:0:0:0:0:0:0	0	0	0	0	8000	0	1131170001	1	0
1031170008	精神波	8	1034020140:0:0	1	2:0:0	16:0:0:0:0:0:0	0	0	0	0	10000	0	1131170001	1	0
1031170009	精神波	9	1034020138:0:0	1	2:0:0	16:0:0:0:0:0:0	0	0	0	0	14000	0	1131170001	1	0
1031170010	精神波	10	1034020141:0:0	1	2:0:0	16:0:0:0:0:0:0	0	0	0	0	18000	0	1131170001	1	0
1031170011	精神波	11	1034020154:0:0	1	2:0:0	16:0:0:0:0:0:0	0	0	0	0	22000	0	1131170001	1	0
1031170012	精神波	12	1034020142:0:0	1	2:0:0	16:0:0:0:0:0:0	0	0	0	0	26000	0	1131170001	1	0
1031170013	精神波	13	1034020131:0:0	1	2:0:0	16:0:0:0:0:0:0	0	0	0	0	30000	0	1131170001	1	0
1031170014	精神波	14	1034020144:0:0	1	2:0:0	16:0:0:0:0:0:0	0	0	0	0	34000	0	1131170001	1	0
1031170015	精神波	15	1034020146:0:0	1	2:0:0	16:0:0:0:0:0:0	0	0	0	0	38000	0	1131170001	1	0
1031170016	精神波	16	1034020158:0:0	1	2:0:0	16:0:0:0:0:0:0	0	0	0	0	42000	0	1131170001	1	0
1031170017	精神波	17	1034020159:0:0	1	2:0:0	16:0:0:0:0:0:0	0	0	0	0	46000	0	1131170001	1	0
1031170018	精神波	18	1034020181:0:0	1	2:0:0	16:0:0:0:0:0:0	0	0	0	0	50000	0	1131170001	1	0
1031170019	精神波	19	1034020183:0:0	1	2:0:0	16:0:0:0:0:0:0	0	0	0	0	54000	0	1131170001	1	0
1031170020	精神波	20	1034020185:0:0	1	2:0:0	16:0:0:0:0:0:0	0	0	0	0	58000	0	1131170001	1	0
1031170021	精神波	21	1034020187:0:0	1	2:0:0	16:0:0:0:0:0:0	0	0	0	0	62000	0	1131170001	1	0
1031170101	闪电球	1	1034020126:0:0	5	2:0:0	16:0:0:0:0:0:0	0	0	0	0	6000	0	1131170101	2	0
1031170102	闪电球	2	1034020127:0:0	5	2:0:0	16:0:0:0:0:0:0	0	0	0	0	8000	0	1131170101	2	0
1031170103	闪电球	3	1034020128:0:0	5	2:0:0	16:0:0:0:0:0:0	0	0	0	0	10000	0	1131170101	2	0
1031170104	闪电球	4	1034020121:0:0	5	2:0:0	16:0:0:0:0:0:0	0	0	0	0	12000	0	1131170101	2	0
1031170105	闪电球	5	1034020134:0:0	5	2:0:0	16:0:0:0:0:0:0	0	0	0	0	16000	0	1131170101	2	0
1031170106	闪电球	6	1034020132:0:0	5	2:0:0	16:0:0:0:0:0:0	0	0	0	0	20000	0	1131170101	2	0
1031170107	闪电球	7	1034020135:0:0	5	2:0:0	16:0:0:0:0:0:0	0	0	0	0	25000	0	1131170101	2	0
1031170108	闪电球	8	1034020136:0:0	5	2:0:0	16:0:0:0:0:0:0	0	0	0	0	30000	0	1131170101	2	0
1031170109	闪电球	9	1034020139:0:0	5	2:0:0	16:0:0:0:0:0:0	0	0	0	0	35000	0	1131170101	2	0
1031170110	闪电球	10	1034020137:0:0	5	2:0:0	16:0:0:0:0:0:0	0	0	0	0	40000	0	1131170101	2	0
1031170111	闪电球	11	1034020140:0:0	5	2:0:0	16:0:0:0:0:0:0	0	0	0	0	45000	0	1131170101	2	0
1031170112	闪电球	12	1034020138:0:0	5	2:0:0	16:0:0:0:0:0:0	0	0	0	0	50000	0	1131170101	2	0
1031170201	脉冲突击	1	1034020120:1034020340:0	1	2:2:0	16:0:0:0:0:0:0	0	0	10000	0	7000	0	1131170201	4	0
1031170202	脉冲突击	2	1034020126:1034020347:0	1	2:2:0	16:0:0:0:0:0:0	0	0	10000	0	10000	0	1131170201	4	0
1031170203	脉冲突击	3	1034020127:1034020348:0	1	2:2:0	16:0:0:0:0:0:0	0	0	10000	0	13000	0	1131170201	4	0
1031170204	脉冲突击	4	1034020128:1034020349:0	1	2:2:0	16:0:0:0:0:0:0	0	0	10000	0	16000	0	1131170201	4	0
1031170205	脉冲突击	5	1034020121:1034020350:0	1	2:2:0	16:0:0:0:0:0:0	0	0	10000	0	20000	0	1131170201	4	0
1031170206	脉冲突击	6	1034020134:1034020351:0	1	2:2:0	16:0:0:0:0:0:0	0	0	10000	0	24000	0	1131170201	4	0
1031170207	脉冲突击	7	1034020132:1034020352:0	1	2:2:0	16:0:0:0:0:0:0	0	0	10000	0	28000	0	1131170201	4	0
1031170208	脉冲突击	8	1034020135:1034020353:0	1	2:2:0	16:0:0:0:0:0:0	0	0	10000	0	32000	0	1131170201	4	0
1031170209	脉冲突击	9	1034020136:1034020354:0	1	2:2:0	16:0:0:0:0:0:0	0	0	10000	0	36000	0	1131170201	4	0
1031170210	脉冲突击	10	1034020188:1034020355:0	1	2:2:0	16:0:0:0:0:0:0	0	0	10000	0	40000	0	1131170201	4	0
1031170211	脉冲突击	11	1034020189:1034020356:0	1	2:2:0	16:0:0:0:0:0:0	0	0	10000	0	45000	0	1131170201	4	0
1031170212	脉冲突击	12	1034020173:1034020357:0	1	2:2:0	16:0:0:0:0:0:0	0	0	10000	0	50000	0	1131170201	4	0
1031170213	脉冲突击	13	1034020190:1034020358:0	1	2:2:0	16:0:0:0:0:0:0	0	0	10000	0	55000	0	1131170201	4	0
1031170214	脉冲突击	14	1034020148:1034020359:0	1	2:2:0	16:0:0:0:0:0:0	0	0	10000	0	60000	0	1131170201	4	0
1031170215	脉冲突击	15	1034020191:1034020360:0	1	2:2:0	16:0:0:0:0:0:0	0	0	10000	0	65000	0	1131170201	4	0
1031180001	高爆炸药	1	1034020127:0:0	2	2:0:0	13:0:0:0:0:0:0	0	0	0	0	2200	0	1131180001	1	0
1031180002	高爆炸药	2	1034020113:0:0	2	2:0:0	13:0:0:0:0:0:0	0	0	0	0	2500	0	1131180001	1	0
1031180003	高爆炸药	3	1034020134:0:0	2	2:0:0	13:0:0:0:0:0:0	0	0	0	0	3000	0	1131180001	1	0
1031180004	高爆炸药	4	1034020151:0:0	2	2:0:0	13:0:0:0:0:0:0	0	0	0	0	5050	0	1131180001	1	0
1031180005	高爆炸药	5	1034020136:0:0	2	2:0:0	13:0:0:0:0:0:0	0	0	0	0	8200	0	1131180001	1	0
1031180006	高爆炸药	6	1034020148:0:0	2	2:0:0	13:0:0:0:0:0:0	0	0	0	0	11350	0	1131180001	1	0
1031180007	高爆炸药	7	1034020140:0:0	2	2:0:0	13:0:0:0:0:0:0	0	0	0	0	14500	0	1131180001	1	0
1031180008	高爆炸药	8	1034020152:0:0	2	2:0:0	13:0:0:0:0:0:0	0	0	0	0	17650	0	1131180001	1	0
1031180009	高爆炸药	9	1034020141:0:0	2	2:0:0	13:0:0:0:0:0:0	0	0	0	0	19150	0	1131180001	1	0
1031180010	高爆炸药	10	1034020153:0:0	2	2:0:0	13:0:0:0:0:0:0	0	0	0	0	20650	0	1131180001	1	0
1031180011	高爆炸药	11	1034020154:0:0	2	2:0:0	13:0:0:0:0:0:0	0	0	0	0	22150	0	1131180001	1	0
1031180012	高爆炸药	12	1034020155:0:0	2	2:0:0	13:0:0:0:0:0:0	0	0	0	0	23650	0	1131180001	1	0
1031180013	高爆炸药	13	1034020142:0:0	2	2:0:0	13:0:0:0:0:0:0	0	0	0	0	25150	0	1131180001	1	0
1031180014	高爆炸药	14	1034020157:0:0	2	2:0:0	13:0:0:0:0:0:0	0	0	0	0	26650	0	1131180001	1	0
1031180015	高爆炸药	15	1034020131:0:0	2	2:0:0	13:0:0:0:0:0:0	0	0	0	0	28150	0	1131180001	1	0
1031180016	高爆炸药	16	1034020143:0:0	2	2:0:0	13:0:0:0:0:0:0	0	0	0	0	29650	0	1131180001	1	0
1031180017	高爆炸药	17	1034020144:0:0	2	2:0:0	13:0:0:0:0:0:0	0	0	0	0	31150	0	1131180001	1	0
1031180018	高爆炸药	18	1034020145:0:0	2	2:0:0	13:0:0:0:0:0:0	0	0	0	0	32650	0	1131180001	1	0
1031180019	高爆炸药	19	1034020146:0:0	2	2:0:0	13:0:0:0:0:0:0	0	0	0	0	34150	0	1131180001	1	0
1031180020	高爆炸药	20	1034020178:0:0	2	2:0:0	13:0:0:0:0:0:0	0	0	0	0	35650	0	1131180001	1	0
1031180021	高爆炸药	21	1034020158:0:0	2	2:0:0	13:0:0:0:0:0:0	0	0	0	0	37150	0	1131180001	1	0
1031180101	超级格斗技巧	1	1033011005:0:0	5	1:0:0	13:0:0:0:0:0:0	0	0	0	0	2000	0	1131180101	2	0
1031180201	超级野性激发	1	1033012911:0:0	5	1:0:0	13:0:0:0:0:0:0	0	0	0	0	1000	0	1131180201	4	0
1031180202	超级野性激发	2	1033012912:0:0	5	1:0:0	13:0:0:0:0:0:0	0	0	0	0	4000	0	1131180201	4	0
1031180301	原子弹	1	1034020338:0:0	1	2:0:0	13:0:0:0:0:0:0	0	30000	0	0	6000	0	1131180301	5	0
1031180401	超级特种兵	1	1033010906:0:0	5	1:0:0	13:0:0:0:0:0:0	0	0	0	0	7000	0	1131180401	6	0
1031180501	破甲弹	1	1034020120:1034020342:0	1	2:2:0	13:0:0:0:0:0:0	0	0	10000	0	5000	0	1131180501	7	0
1031180502	破甲弹	2	1034020126:1034020340:0	1	2:2:0	13:0:0:0:0:0:0	0	0	10000	0	6000	0	1131180501	7	0
1031180503	破甲弹	3	1034020127:1034020347:0	1	2:2:0	13:0:0:0:0:0:0	0	0	10000	0	7000	0	1131180501	7	0
1031180504	破甲弹	4	1034020128:1034020348:0	1	2:2:0	13:0:0:0:0:0:0	0	0	10000	0	9000	0	1131180501	7	0
1031180505	破甲弹	5	1034020121:1034020349:0	1	2:2:0	13:0:0:0:0:0:0	0	0	10000	0	11000	0	1131180501	7	0
1031180506	破甲弹	6	1034020134:1034020350:0	1	2:2:0	13:0:0:0:0:0:0	0	0	10000	0	13000	0	1131180501	7	0
1031180507	破甲弹	7	1034020132:1034020351:0	1	2:2:0	13:0:0:0:0:0:0	0	0	10000	0	17000	0	1131180501	7	0
1031180508	破甲弹	8	1034020135:1034020352:0	1	2:2:0	13:0:0:0:0:0:0	0	0	10000	0	21000	0	1131180501	7	0
1031180509	破甲弹	9	1034020136:1034020353:0	1	2:2:0	13:0:0:0:0:0:0	0	0	10000	0	25000	0	1131180501	7	0
1031180510	破甲弹	10	1034020188:1034020361:0	1	2:2:0	13:0:0:0:0:0:0	0	0	10000	0	28000	0	1131180501	7	0
1031180511	破甲弹	11	1034020189:1034020362:0	1	2:2:0	13:0:0:0:0:0:0	0	0	10000	0	31000	0	1131180501	7	0
1031180512	破甲弹	12	1034020173:1034020354:0	1	2:2:0	13:0:0:0:0:0:0	0	0	10000	0	34000	0	1131180501	7	0
1031180513	破甲弹	13	1034020190:1034020355:0	1	2:2:0	13:0:0:0:0:0:0	0	0	10000	0	37000	0	1131180501	7	0
1031180514	破甲弹	14	1034020148:1034020356:0	1	2:2:0	13:0:0:0:0:0:0	0	0	10000	0	40000	0	1131180501	7	0
1031180515	破甲弹	15	1034020191:1034020357:0	1	2:2:0	13:0:0:0:0:0:0	0	0	10000	0	43000	0	1131180501	7	0
1031190001	神经刀	1	1034020121:0:0	2	2:0:0	15:0:0:0:0:0:0	0	0	0	0	2600	0	1131190001	1	0
1031190002	神经刀	2	1034020133:0:0	2	2:0:0	15:0:0:0:0:0:0	0	0	0	0	2800	0	1131190001	1	0
1031190003	神经刀	3	1034020135:0:0	2	2:0:0	15:0:0:0:0:0:0	0	0	0	0	3000	0	1131190001	1	0
1031190004	神经刀	4	1034020147:0:0	2	2:0:0	15:0:0:0:0:0:0	0	0	0	0	3400	0	1131190001	1	0
1031190005	神经刀	5	1034020137:0:0	2	2:0:0	15:0:0:0:0:0:0	0	0	0	0	5300	0	1131190001	1	0
1031190006	神经刀	6	1034020150:0:0	2	2:0:0	15:0:0:0:0:0:0	0	0	0	0	10400	0	1131190001	1	0
1031190007	神经刀	7	1034020141:0:0	2	2:0:0	15:0:0:0:0:0:0	0	0	0	0	15500	0	1131190001	1	0
1031190008	神经刀	8	1034020155:0:0	2	2:0:0	15:0:0:0:0:0:0	0	0	0	0	20600	0	1131190001	1	0
1031190009	神经刀	9	1034020142:0:0	2	2:0:0	15:0:0:0:0:0:0	0	0	0	0	22300	0	1131190001	1	0
1031190010	神经刀	10	1034020157:0:0	2	2:0:0	15:0:0:0:0:0:0	0	0	0	0	24000	0	1131190001	1	0
1031190011	神经刀	11	1034020131:0:0	2	2:0:0	15:0:0:0:0:0:0	0	0	0	0	25700	0	1131190001	1	0
1031190012	神经刀	12	1034020143:0:0	2	2:0:0	15:0:0:0:0:0:0	0	0	0	0	27400	0	1131190001	1	0
1031190013	神经刀	13	1034020144:0:0	2	2:0:0	15:0:0:0:0:0:0	0	0	0	0	29100	0	1131190001	1	0
1031190014	神经刀	14	1034020145:0:0	2	2:0:0	15:0:0:0:0:0:0	0	0	0	0	30800	0	1131190001	1	0
1031190015	神经刀	15	1034020146:0:0	2	2:0:0	15:0:0:0:0:0:0	0	0	0	0	32500	0	1131190001	1	0
1031190016	神经刀	16	1034020178:0:0	2	2:0:0	15:0:0:0:0:0:0	0	0	0	0	34200	0	1131190001	1	0
1031190017	神经刀	17	1034020158:0:0	2	2:0:0	15:0:0:0:0:0:0	0	0	0	0	35900	0	1131190001	1	0
1031190018	神经刀	18	1034020179:0:0	2	2:0:0	15:0:0:0:0:0:0	0	0	0	0	37600	0	1131190001	1	0
1031190019	神经刀	19	1034020159:0:0	2	2:0:0	15:0:0:0:0:0:0	0	0	0	0	39300	0	1131190001	1	0
1031190020	神经刀	20	1034020180:0:0	2	2:0:0	15:0:0:0:0:0:0	0	0	0	0	41000	0	1131190001	1	0
1031190021	神经刀	21	1034020181:0:0	2	2:0:0	15:0:0:0:0:0:0	0	0	0	0	42700	0	1131190001	1	0
1031190101	超级急救	1	1034010271:0:0	1	1:0:0	15:0:0:0:0:0:0	0	10000	0	0	3000	0	1131190101	2	0
1031190102	超级急救	2	1034010272:0:0	1	1:0:0	15:0:0:0:0:0:0	0	10000	0	0	5000	0	1131190101	2	0
1031190103	超级急救	3	1034010273:0:0	1	1:0:0	15:0:0:0:0:0:0	0	10000	0	0	7000	0	1131190101	2	0
1031190104	超级急救	4	1034010274:0:0	1	1:0:0	15:0:0:0:0:0:0	0	10000	0	0	9000	0	1131190101	2	0
1031190105	超级急救	5	1034010275:0:0	1	1:0:0	15:0:0:0:0:0:0	0	10000	0	0	11000	0	1131190101	2	0
1031190106	超级急救	6	1034010276:0:0	1	1:0:0	15:0:0:0:0:0:0	0	10000	0	0	13000	0	1131190101	2	0
1031190107	超级急救	7	1034010277:0:0	1	1:0:0	15:0:0:0:0:0:0	0	10000	0	0	15000	0	1131190101	2	0
1031190108	超级急救	8	1034010278:0:0	1	1:0:0	15:0:0:0:0:0:0	0	10000	0	0	17000	0	1131190101	2	0
1031190109	超级急救	9	1034010279:0:0	1	1:0:0	15:0:0:0:0:0:0	0	10000	0	0	19000	0	1131190101	2	0
1031190110	超级急救	10	1034010280:0:0	1	1:0:0	15:0:0:0:0:0:0	0	10000	0	0	21000	0	1131190101	2	0
1031190111	超级急救	11	1034010281:0:0	1	1:0:0	15:0:0:0:0:0:0	0	10000	0	0	23000	0	1131190101	2	0
1031190112	超级急救	12	1034010282:0:0	1	1:0:0	15:0:0:0:0:0:0	0	10000	0	0	25000	0	1131190101	2	0
1031190113	超级急救	13	1034010283:0:0	1	1:0:0	15:0:0:0:0:0:0	0	10000	0	0	27000	0	1131190101	2	0
1031190114	超级急救	14	1034010284:0:0	1	1:0:0	15:0:0:0:0:0:0	0	10000	0	0	29000	0	1131190101	2	0
1031190115	超级急救	15	1034010285:0:0	1	1:0:0	15:0:0:0:0:0:0	0	10000	0	0	31000	0	1131190101	2	0
1031190116	超级急救	16	1034010286:0:0	1	1:0:0	15:0:0:0:0:0:0	0	10000	0	0	33000	0	1131190101	2	0
1031190201	超级人体学	1	1033012611:0:0	5	1:0:0	15:0:0:0:0:0:0	0	0	0	0	1000	0	1131190201	4	0
1031190301	超级强心针	1	1033011506:0:0	5	1:0:0	15:0:0:0:0:0:0	0	0	0	0	10000	0	1131190301	5	0
1031190302	超级强心针	2	1033011507:0:0	5	1:0:0	15:0:0:0:0:0:0	0	0	0	0	15000	0	1131190301	5	0
1031190303	超级强心针	3	1033011508:0:0	5	1:0:0	15:0:0:0:0:0:0	0	0	0	0	20000	0	1131190301	5	0
1031190304	超级强心针	4	1033011509:0:0	5	1:0:0	15:0:0:0:0:0:0	0	0	0	0	25000	0	1131190301	5	0
1031190305	超级强心针	5	1033011510:0:0	5	1:0:0	15:0:0:0:0:0:0	0	0	0	0	30000	0	1131190301	5	0
1031190401	超级心灵启示	1	1033011106:0:0	5	1:0:0	15:0:0:0:0:0:0	0	0	0	0	7000	0	1131190401	6	0
1031190501	超级连锁注射	1	1034010287:0:0	5	1:0:0	15:0:0:0:0:0:0	0	0	0	0	10000	0	1131190501	7	0
1031190502	超级连锁注射	2	1034010288:0:0	5	1:0:0	15:0:0:0:0:0:0	0	0	0	0	13000	0	1131190501	7	0
1031190503	超级连锁注射	3	1034010289:0:0	5	1:0:0	15:0:0:0:0:0:0	0	0	0	0	16000	0	1131190501	7	0
1031190504	超级连锁注射	4	1034010290:0:0	5	1:0:0	15:0:0:0:0:0:0	0	0	0	0	19000	0	1131190501	7	0
1031190505	超级连锁注射	5	1034010291:0:0	5	1:0:0	15:0:0:0:0:0:0	0	0	0	0	22000	0	1131190501	7	0
1031190506	超级连锁注射	6	1034010292:0:0	5	1:0:0	15:0:0:0:0:0:0	0	0	0	0	25000	0	1131190501	7	0
1031190601	致死毒药	1	1034020120:1034020363:0	1	2:2:0	15:0:0:0:0:0:0	0	0	10000	0	5000	0	1131190601	8	0
1031190602	致死毒药	2	1034020126:1034020364:0	1	2:2:0	15:0:0:0:0:0:0	0	0	10000	0	6000	0	1131190601	8	0
1031190603	致死毒药	3	1034020127:1034020365:0	1	2:2:0	15:0:0:0:0:0:0	0	0	10000	0	8000	0	1131190601	8	0
1031190604	致死毒药	4	1034020128:1034020366:0	1	2:2:0	15:0:0:0:0:0:0	0	0	10000	0	10000	0	1131190601	8	0
1031190605	致死毒药	5	1034020121:1034020367:0	1	2:2:0	15:0:0:0:0:0:0	0	0	10000	0	13000	0	1131190601	8	0
1031190606	致死毒药	6	1034020134:1034020368:0	1	2:2:0	15:0:0:0:0:0:0	0	0	10000	0	16000	0	1131190601	8	0
1031190607	致死毒药	7	1034020132:1034020369:0	1	2:2:0	15:0:0:0:0:0:0	0	0	10000	0	20000	0	1131190601	8	0
1031190608	致死毒药	8	1034020135:1034020370:0	1	2:2:0	15:0:0:0:0:0:0	0	0	10000	0	25000	0	1131190601	8	0
1031190609	致死毒药	9	1034020136:1034020371:0	1	2:2:0	15:0:0:0:0:0:0	0	0	10000	0	30000	0	1131190601	8	0
1031190610	致死毒药	10	1034020188:1034020372:0	1	2:2:0	15:0:0:0:0:0:0	0	0	10000	0	33500	0	1131190601	8	0
1031190611	致死毒药	11	1034020189:1034020373:0	1	2:2:0	15:0:0:0:0:0:0	0	0	10000	0	37000	0	1131190601	8	0
1031190612	致死毒药	12	1034020173:1034020374:0	1	2:2:0	15:0:0:0:0:0:0	0	0	10000	0	40500	0	1131190601	8	0
1031190613	致死毒药	13	1034020190:1034020375:0	1	2:2:0	15:0:0:0:0:0:0	0	0	10000	0	44000	0	1131190601	8	0
1031190614	致死毒药	14	1034020148:1034020376:0	1	2:2:0	15:0:0:0:0:0:0	0	0	10000	0	47500	0	1131190601	8	0
1031190615	致死毒药	15	1034020191:1034020377:0	1	2:2:0	15:0:0:0:0:0:0	0	0	10000	0	51000	0	1131190601	8	0
1031200001	风之斗气	1	1033010907:0:0	1	3:0:0	14:7:18:0:0:0:0	0	0	0	0	10000	0	1131200001	1	1
1031200101	火之斗气	1	1033010908:0:0	1	3:0:0	16:11:20:0:0:0:0	0	0	0	0	10000	0	1131200101	1	1
1031200201	林之斗气	1	1033010909:0:0	1	3:0:0	15:10:19:0:0:0:0	0	0	0	0	10000	0	1131200201	1	1
1031200301	林之野性	1	1033012914:0:0	1	3:0:0	15:10:19:0:0:0:0	0	0	0	0	10000	0	1131090501	1	1
1031200401	风之野性	1	1033012915:0:0	1	3:0:0	14:7:18:0:0:0:0	0	0	0	0	10000	0	1132080201	1	1
1031200501	火之野性	1	1033012916:0:0	1	3:0:0	16:11:20:0:0:0:0	0	0	0	0	10000	0	1132110001	1	1
1031210001	超级飞火流星	1	1034020154:0:0	1	2:0:0	18:0:0:0:0:0:0	0	0	0	0	10000	0	1131210001	1	0
1031210002	超级飞火流星	2	1034020131:0:0	1	2:0:0	18:0:0:0:0:0:0	0	0	0	0	20000	0	1131210001	1	0
1031210003	超级飞火流星	3	1034020146:0:0	1	2:0:0	18:0:0:0:0:0:0	0	0	0	0	30000	0	1131210001	1	0
1031210004	超级飞火流星	4	1034020159:0:0	1	2:0:0	18:0:0:0:0:0:0	0	0	0	0	35000	0	1131210001	1	0
1031210005	超级飞火流星	5	1034020183:0:0	1	2:0:0	18:0:0:0:0:0:0	0	0	0	0	40000	0	1131210001	1	0
1031210006	超级飞火流星	6	1034020187:0:0	1	2:0:0	18:0:0:0:0:0:0	0	0	0	0	45000	0	1131210001	1	0
1031210007	超级飞火流星	7	1034020195:0:0	1	2:0:0	18:0:0:0:0:0:0	0	0	0	0	50000	0	1131210001	1	0
1031210008	超级飞火流星	8	1034020196:0:0	1	2:0:0	18:0:0:0:0:0:0	0	0	0	0	55000	0	1131210001	1	0
1031210009	超级飞火流星	9	1034020197:0:0	1	2:0:0	18:0:0:0:0:0:0	0	0	0	0	60000	0	1131210001	1	0
1031210101	超级圆月弯刀	1	1034020136:0:0	3	2:0:0	18:0:0:0:0:0:0	0	0	0	0	25000	0	1131210101	2	0
1031210102	超级圆月弯刀	2	1034020139:0:0	3	2:0:0	18:0:0:0:0:0:0	0	0	0	0	30000	0	1131210101	2	0
1031210103	超级圆月弯刀	3	1034020137:0:0	3	2:0:0	18:0:0:0:0:0:0	0	0	0	0	35000	0	1131210101	2	0
1031210104	超级圆月弯刀	4	1034020140:0:0	3	2:0:0	18:0:0:0:0:0:0	0	0	0	0	40000	0	1131210101	2	0
1031210105	超级圆月弯刀	5	1034020138:0:0	3	2:0:0	18:0:0:0:0:0:0	0	0	0	0	42000	0	1131210101	2	0
1031210106	超级圆月弯刀	6	1034020141:0:0	3	2:0:0	18:0:0:0:0:0:0	0	0	0	0	44000	0	1131210101	2	0
1031210107	超级圆月弯刀	7	1034020154:0:0	3	2:0:0	18:0:0:0:0:0:0	0	0	0	0	46000	0	1131210101	2	0
1031210108	超级圆月弯刀	8	1034020142:0:0	3	2:0:0	18:0:0:0:0:0:0	0	0	0	0	48000	0	1131210101	2	0
1031210109	超级圆月弯刀	9	1034020131:0:0	3	2:0:0	18:0:0:0:0:0:0	0	0	0	0	50000	0	1131210101	2	0
1031210110	超级圆月弯刀	10	1034020144:0:0	3	2:0:0	18:0:0:0:0:0:0	0	0	0	0	52000	0	1131210101	2	0
1031210111	超级圆月弯刀	11	1034020146:0:0	3	2:0:0	18:0:0:0:0:0:0	0	0	0	0	54000	0	1131210101	2	0
1031210201	超级飞龙在天	1	1034020134:1034020331:0	1	2:2:0	18:0:0:0:0:0:0	0	0	10000	0	20000	0	1131210201	6	0
1031210202	超级飞龙在天	2	1034020132:1034020352:0	1	2:2:0	18:0:0:0:0:0:0	0	0	10000	0	25000	0	1131210201	6	0
1031210203	超级飞龙在天	3	1034020135:1034020353:0	1	2:2:0	18:0:0:0:0:0:0	0	0	10000	0	30000	0	1131210201	6	0
1031210204	超级飞龙在天	4	1034020136:1034020354:0	1	2:2:0	18:0:0:0:0:0:0	0	0	10000	0	35000	0	1131210201	6	0
1031210205	超级飞龙在天	5	1034020189:1034020356:0	1	2:2:0	18:0:0:0:0:0:0	0	0	10000	0	40000	0	1131210201	6	0
1031210206	超级飞龙在天	6	1034020190:1034020358:0	1	2:2:0	18:0:0:0:0:0:0	0	0	10000	0	45000	0	1131210201	6	0
1031210207	超级飞龙在天	7	1034020191:1034020360:0	1	2:2:0	18:0:0:0:0:0:0	0	0	10000	0	50000	0	1131210201	6	0
1031210208	超级飞龙在天	8	1034020193:1034020389:0	1	2:2:0	18:0:0:0:0:0:0	0	0	10000	0	55000	0	1131210201	6	0
1031210209	超级飞龙在天	9	1034020194:1034020390:0	1	2:2:0	18:0:0:0:0:0:0	0	0	10000	0	60000	0	1131210201	6	0
1031210210	超级飞龙在天	10	1034020140:1034020391:0	1	2:2:0	18:0:0:0:0:0:0	0	0	10000	0	65000	0	1131210201	6	0
1031220001	超级精神波	1	1034020131:0:0	1	2:0:0	20:0:0:0:0:0:0	0	0	0	0	10000	0	1131220001	1	0
1031220002	超级精神波	2	1034020146:0:0	1	2:0:0	20:0:0:0:0:0:0	0	0	0	0	20000	0	1131220001	1	0
1031220003	超级精神波	3	1034020159:0:0	1	2:0:0	20:0:0:0:0:0:0	0	0	0	0	30000	0	1131220001	1	0
1031220004	超级精神波	4	1034020183:0:0	1	2:0:0	20:0:0:0:0:0:0	0	0	0	0	35000	0	1131220001	1	0
1031220005	超级精神波	5	1034020187:0:0	1	2:0:0	20:0:0:0:0:0:0	0	0	0	0	40000	0	1131220001	1	0
1031220006	超级精神波	6	1034020195:0:0	1	2:0:0	20:0:0:0:0:0:0	0	0	0	0	45000	0	1131220001	1	0
1031220007	超级精神波	7	1034020196:0:0	1	2:0:0	20:0:0:0:0:0:0	0	0	0	0	50000	0	1131220001	1	0
1031220008	超级精神波	8	1034020197:0:0	1	2:0:0	20:0:0:0:0:0:0	0	0	0	0	55000	0	1131220001	1	0
1031220009	超级精神波	9	1034020198:0:0	1	2:0:0	20:0:0:0:0:0:0	0	0	0	0	60000	0	1131220001	1	0
1031220101	超级闪电球	1	1034020132:0:0	5	2:0:0	20:0:0:0:0:0:0	0	0	0	0	30000	0	1131220101	2	0
1031220102	超级闪电球	2	1034020135:0:0	5	2:0:0	20:0:0:0:0:0:0	0	0	0	0	35000	0	1131220101	2	0
1031220103	超级闪电球	3	1034020136:0:0	5	2:0:0	20:0:0:0:0:0:0	0	0	0	0	40000	0	1131220101	2	0
1031220104	超级闪电球	4	1034020139:0:0	5	2:0:0	20:0:0:0:0:0:0	0	0	0	0	45000	0	1131220101	2	0
1031220105	超级闪电球	5	1034020137:0:0	5	2:0:0	20:0:0:0:0:0:0	0	0	0	0	50000	0	1131220101	2	0
1031220106	超级闪电球	6	1034020140:0:0	5	2:0:0	20:0:0:0:0:0:0	0	0	0	0	55000	0	1131220101	2	0
1031220107	超级闪电球	7	1034020138:0:0	5	2:0:0	20:0:0:0:0:0:0	0	0	0	0	57000	0	1131220101	2	0
1031220108	超级闪电球	8	1034020141:0:0	5	2:0:0	20:0:0:0:0:0:0	0	0	0	0	59000	0	1131220101	2	0
1031220109	超级闪电球	9	1034020154:0:0	5	2:0:0	20:0:0:0:0:0:0	0	0	0	0	61000	0	1131220101	2	0
1031220110	超级闪电球	10	1034020142:0:0	5	2:0:0	20:0:0:0:0:0:0	0	0	0	0	63000	0	1131220101	2	0
1031220111	超级闪电球	11	1034020131:0:0	5	2:0:0	20:0:0:0:0:0:0	0	0	0	0	65000	0	1131220101	2	0
1031220201	超级脉冲突击	1	1034020134:1034020331:0	1	2:2:0	20:0:0:0:0:0:0	0	0	10000	0	20000	0	1131220201	6	0
1031220202	超级脉冲突击	2	1034020132:1034020352:0	1	2:2:0	20:0:0:0:0:0:0	0	0	10000	0	25000	0	1131220201	6	0
1031220203	超级脉冲突击	3	1034020135:1034020353:0	1	2:2:0	20:0:0:0:0:0:0	0	0	10000	0	30000	0	1131220201	6	0
1031220204	超级脉冲突击	4	1034020136:1034020354:0	1	2:2:0	20:0:0:0:0:0:0	0	0	10000	0	35000	0	1131220201	6	0
1031220205	超级脉冲突击	5	1034020189:1034020356:0	1	2:2:0	20:0:0:0:0:0:0	0	0	10000	0	40000	0	1131220201	6	0
1031220206	超级脉冲突击	6	1034020190:1034020358:0	1	2:2:0	20:0:0:0:0:0:0	0	0	10000	0	45000	0	1131220201	6	0
1031220207	超级脉冲突击	7	1034020191:1034020360:0	1	2:2:0	20:0:0:0:0:0:0	0	0	10000	0	50000	0	1131220201	6	0
1031220208	超级脉冲突击	8	1034020193:1034020389:0	1	2:2:0	20:0:0:0:0:0:0	0	0	10000	0	55000	0	1131220201	6	0
1031220209	超级脉冲突击	9	1034020194:1034020390:0	1	2:2:0	20:0:0:0:0:0:0	0	0	10000	0	60000	0	1131220201	6	0
1031220210	超级脉冲突击	10	1034020140:1034020391:0	1	2:2:0	20:0:0:0:0:0:0	0	0	10000	0	65000	0	1131220201	6	0
1031230001	超级高爆炸药	1	1034020132:0:0	3	2:0:0	17:0:0:0:0:0:0	0	0	0	0	5000	0	1131230001	1	0
1031230002	超级高爆炸药	2	1034020135:0:0	3	2:0:0	17:0:0:0:0:0:0	0	0	0	0	10000	0	1131230001	1	0
1031230003	超级高爆炸药	3	1034020136:0:0	3	2:0:0	17:0:0:0:0:0:0	0	0	0	0	15000	0	1131230001	1	0
1031230004	超级高爆炸药	4	1034020139:0:0	3	2:0:0	17:0:0:0:0:0:0	0	0	0	0	20000	0	1131230001	1	0
1031230005	超级高爆炸药	5	1034020137:0:0	3	2:0:0	17:0:0:0:0:0:0	0	0	0	0	25000	0	1131230001	1	0
1031230006	超级高爆炸药	6	1034020140:0:0	3	2:0:0	17:0:0:0:0:0:0	0	0	0	0	30000	0	1131230001	1	0
1031230007	超级高爆炸药	7	1034020138:0:0	3	2:0:0	17:0:0:0:0:0:0	0	0	0	0	35000	0	1131230001	1	0
1031230008	超级高爆炸药	8	1034020141:0:0	3	2:0:0	17:0:0:0:0:0:0	0	0	0	0	40000	0	1131230001	1	0
1031230009	超级高爆炸药	9	1034020154:0:0	3	2:0:0	17:0:0:0:0:0:0	0	0	0	0	41000	0	1131230001	1	0
1031230010	超级高爆炸药	10	1034020142:0:0	3	2:0:0	17:0:0:0:0:0:0	0	0	0	0	42000	0	1131230001	1	0
1031230011	超级高爆炸药	11	1034020131:0:0	3	2:0:0	17:0:0:0:0:0:0	0	0	0	0	43000	0	1131230001	1	0
1031230012	超级高爆炸药	12	1034020144:0:0	3	2:0:0	17:0:0:0:0:0:0	0	0	0	0	44000	0	1131230001	1	0
1031230013	超级高爆炸药	13	1034020146:0:0	3	2:0:0	17:0:0:0:0:0:0	0	0	0	0	45000	0	1131230001	1	0
1031230014	超级高爆炸药	14	1034020178:0:0	3	2:0:0	17:0:0:0:0:0:0	0	0	0	0	46000	0	1131230001	1	0
1031230015	超级高爆炸药	15	1034020158:0:0	3	2:0:0	17:0:0:0:0:0:0	0	0	0	0	47000	0	1131230001	1	0
1031230016	超级高爆炸药	16	1034020179:0:0	3	2:0:0	17:0:0:0:0:0:0	0	0	0	0	48000	0	1131230001	1	0
1031230017	超级高爆炸药	17	1034020159:0:0	3	2:0:0	17:0:0:0:0:0:0	0	0	0	0	49000	0	1131230001	1	0
1031230101	超级格斗	1	1033011006:0:0	5	1:0:0	17:0:0:0:0:0:0	0	0	0	0	2000	0	1131230101	2	0
1031230201	超级野性	1	1033012913:0:0	5	1:0:0	17:0:0:0:0:0:0	0	0	0	0	4000	0	1131230201	4	0
1031230301	超级特种兵体能	1	1033010910:0:0	5	1:0:0	17:0:0:0:0:0:0	0	0	0	0	7000	0	1131230301	5	0
1031230501	超级原子弹	1	1034020338:0:0	1	2:0:0	17:0:0:0:0:0:0	0	30000	0	0	6000	0	1131230501	6	0
1031230401	超级破甲弹	1	1034020127:1034020347:0	1	2:2:0	17:0:0:0:0:0:0	0	0	10000	0	20000	0	1131230401	7	0
1031230402	超级破甲弹	2	1034020128:1034020348:0	1	2:2:0	17:0:0:0:0:0:0	0	0	10000	0	25000	0	1131230401	7	0
1031230403	超级破甲弹	3	1034020121:1034020349:0	1	2:2:0	17:0:0:0:0:0:0	0	0	10000	0	30000	0	1131230401	7	0
1031230404	超级破甲弹	4	1034020134:1034020350:0	1	2:2:0	17:0:0:0:0:0:0	0	0	10000	0	35000	0	1131230401	7	0
1031230405	超级破甲弹	5	1034020132:1034020351:0	1	2:2:0	17:0:0:0:0:0:0	0	0	10000	0	38000	0	1131230401	7	0
1031230406	超级破甲弹	6	1034020135:1034020352:0	1	2:2:0	17:0:0:0:0:0:0	0	0	10000	0	41000	0	1131230401	7	0
1031230407	超级破甲弹	7	1034020136:1034020353:0	1	2:2:0	17:0:0:0:0:0:0	0	0	10000	0	44000	0	1131230401	7	0
1031230408	超级破甲弹	8	1034020139:1034020354:0	1	2:2:0	17:0:0:0:0:0:0	0	0	10000	0	47000	0	1131230401	7	0
1031230409	超级破甲弹	9	1034020148:1034020358:0	1	2:2:0	17:0:0:0:0:0:0	0	0	10000	0	50000	0	1131230401	7	0
1031230410	超级破甲弹	10	1034020137:1034020392:0	1	2:2:0	17:0:0:0:0:0:0	0	0	10000	0	53000	0	1131230401	7	0
1031230411	超级破甲弹	11	1034020149:1034020393:0	1	2:2:0	17:0:0:0:0:0:0	0	0	10000	0	56000	0	1131230401	7	0
1031230412	超级破甲弹	12	1034020140:1034020394:0	1	2:2:0	17:0:0:0:0:0:0	0	0	10000	0	59000	0	1131230401	7	0
1031240001	超级神经刀	1	1034020136:0:0	3	2:0:0	19:0:0:0:0:0:0	0	0	0	0	15000	0	1131240001	1	0
1031240002	超级神经刀	2	1034020139:0:0	3	2:0:0	19:0:0:0:0:0:0	0	0	0	0	20000	0	1131240001	1	0
1031240003	超级神经刀	3	1034020137:0:0	3	2:0:0	19:0:0:0:0:0:0	0	0	0	0	25000	0	1131240001	1	0
1031240004	超级神经刀	4	1034020140:0:0	3	2:0:0	19:0:0:0:0:0:0	0	0	0	0	30000	0	1131240001	1	0
1031240005	超级神经刀	5	1034020138:0:0	3	2:0:0	19:0:0:0:0:0:0	0	0	0	0	35000	0	1131240001	1	0
1031240006	超级神经刀	6	1034020141:0:0	3	2:0:0	19:0:0:0:0:0:0	0	0	0	0	40000	0	1131240001	1	0
1031240007	超级神经刀	7	1034020154:0:0	3	2:0:0	19:0:0:0:0:0:0	0	0	0	0	42000	0	1131240001	1	0
1031240008	超级神经刀	8	1034020142:0:0	3	2:0:0	19:0:0:0:0:0:0	0	0	0	0	44000	0	1131240001	1	0
1031240009	超级神经刀	9	1034020131:0:0	3	2:0:0	19:0:0:0:0:0:0	0	0	0	0	46000	0	1131240001	1	0
1031240010	超级神经刀	10	1034020144:0:0	3	2:0:0	19:0:0:0:0:0:0	0	0	0	0	48000	0	1131240001	1	0
1031240011	超级神经刀	11	1034020146:0:0	3	2:0:0	19:0:0:0:0:0:0	0	0	0	0	50000	0	1131240001	1	0
1031240012	超级神经刀	12	1034020158:0:0	3	2:0:0	19:0:0:0:0:0:0	0	0	0	0	52000	0	1131240001	1	0
1031240013	超级神经刀	13	1034020159:0:0	3	2:0:0	19:0:0:0:0:0:0	0	0	0	0	54000	0	1131240001	1	0
1031240014	超级神经刀	14	1034020181:0:0	3	2:0:0	19:0:0:0:0:0:0	0	0	0	0	56000	0	1131240001	1	0
1031240015	超级神经刀	15	1034020183:0:0	3	2:0:0	19:0:0:0:0:0:0	0	0	0	0	58000	0	1131240001	1	0
1031240101	超级心灵	1	1033011107:0:0	5	1:0:0	19:0:0:0:0:0:0	0	0	0	0	7000	0	1131240101	2	0
1031240201	超级急救术	1	1034010299:0:0	1	1:0:0	19:0:0:0:0:0:0	0	10000	0	0	30000	0	1131240201	4	0
1031240202	超级急救术	2	1034010300:0:0	1	1:0:0	19:0:0:0:0:0:0	0	10000	0	0	40000	0	1131240201	4	0
1031240203	超级急救术	3	1034010301:0:0	1	1:0:0	19:0:0:0:0:0:0	0	10000	0	0	50000	0	1131240201	4	0
1031240204	超级急救术	4	1034010302:0:0	1	1:0:0	19:0:0:0:0:0:0	0	10000	0	0	60000	0	1131240201	4	0
1031240301	超级连锁救治	1	1034010303:0:0	5	1:0:0	19:0:0:0:0:0:0	0	0	0	0	20000	0	1131240301	5	0
1031240302	超级连锁救治	2	1034010304:0:0	5	1:0:0	19:0:0:0:0:0:0	0	0	0	0	35000	0	1131240301	5	0
1031240303	超级连锁救治	3	1034010305:0:0	5	1:0:0	19:0:0:0:0:0:0	0	0	0	0	41000	0	1131240301	5	0
1031240304	超级连锁救治	4	1034010306:0:0	5	1:0:0	19:0:0:0:0:0:0	0	0	0	0	47000	0	1131240301	5	0
1031240401	超级人体	1	1033012612:0:0	5	1:0:0	19:0:0:0:0:0:0	0	0	0	0	1000	0	1131240401	6	0
1031240501	超级致死毒药	1	1034020132:1034020395:0	1	2:2:0	19:0:0:0:0:0:0	0	0	10000	0	20000	0	1131240501	7	0
1031240502	超级致死毒药	2	1034020154:1034020373:0	1	2:2:0	19:0:0:0:0:0:0	0	0	10000	0	35000	0	1131240501	7	0
1031240503	超级致死毒药	3	1034020139:1034020375:0	1	2:2:0	19:0:0:0:0:0:0	0	0	10000	0	45000	0	1131240501	7	0
1031240504	超级致死毒药	4	1034020137:1034020358:0	1	2:2:0	19:0:0:0:0:0:0	0	0	10000	0	55000	0	1131240501	7	0
1031240505	超级致死毒药	5	1034020149:1034020360:0	1	2:2:0	19:0:0:0:0:0:0	0	0	10000	0	61000	0	1131240501	7	0
1031240506	超级致死毒药	6	1034020140:1034020393:0	1	2:2:0	19:0:0:0:0:0:0	0	0	10000	0	67000	0	1131240501	7	0
1031240601	超级强心剂	1	1033011511:0:0	5	1:0:0	19:0:0:0:0:0:0	0	0	0	0	40000	0	1131240601	8	0
1031151401	浑水摸鱼（群体忽视伤害35万技能）	1	1034020388:0:0	5	2:0:0	-1:0:0:0:0:0:0	0	0	0	0	0	0	1131110201	1	0
1031151402	浑水摸鱼（群体忽视伤害50万技能）	2	1034020397:0:0	5	2:0:0	-1:0:0:0:0:0:0	0	0	0	0	0	0	1131110201	1	0
1031151501	迷雾一击（单体忽视伤害60万）	1	1034020398:0:0	1	2:0:0	-1:0:0:0:0:0:0	0	0	0	0	0	0	1131110201	1	0
1031151502	迷雾一击（单体忽视伤害100万）	2	1034020399:0:0	1	2:0:0	-1:0:0:0:0:0:0	0	0	0	0	0	0	1131110201	1	0