id	minMoney	maxMoney	propId	dropRate	minNumber	maxNumber
组ID	最小钱	最大钱	道具ID	掉落几率	最小数	最大数
20001	0	0	1043010103	8800	1	1
20002	0	0	1043010105	7500	1	1
20003	0	0	1043010106	10000	5	5
20004	0	0	1043010101	7500	1	1
20005	0	0	1043010201	7500	1	1
20006	0	0	1043010108	8500	1	1
20007	0	0	1043010109:1043010117	8500:7500	1:1	1:1
20008	0	0	1043010111	7500	1	1
20009	0	0	1043010113	8800	1	1
20010	0	0	1043010118	9000	1	1
20011	0	0	1043010114	9500	1	1
20012	0	0	1043010203	9500	1	2
20013	0	0	1043010210	9500	1	1
20014	0	0	1043010209	9500	1	2
20015	0	0	1043010205	9500	1	1
20016	0	0	1043010206:1043010211	8500:8500	2:2	5:5