sourceId	targetId	needGoodsId	needGoodsCount	needPoint	needMoney	needHonor
当前VIP装备id	目标VIP装备id	需求材料id	需求材料数量	游戏币	人民币	荣誉
1050007102	1050007103	1045011001	2	0	0	0
1050007103	1050007104	1045011001	4	0	0	0
1050007104	1050007105	1045011001	4	0	0	0
1050007105	1050007106	1045011001	4	0	0	0
1050007106	1050007107	1045011001	4	0	0	0
1050007107	1050007108	1045011001	4	0	0	0
1050607170	1050007109	1045011001	2	0	0	0
1050207109	1050207110	1045011001	2	0	0	0
1050207110	1050207111	1045011001	4	0	0	0
1050207111	1050207112	1045011001	4	0	0	0
1050207112	1050207113	1045011001	4	0	0	0
1050207113	1050207114	1045011001	4	0	0	0
1050607176	1050207115	1045011001	2	0	0	0
1050307115	1050307116	1045011001	2	0	0	0
1050307116	1050307117	1045011001	4	0	0	0
1050307117	1050307118	1045011001	4	0	0	0
1050307118	1050307119	1045011001	4	0	0	0
1050307119	1050307120	1045011001	4	0	0	0
1050607182	1050307121	1045011001	2	0	0	0
1050407121	1050407122	1045011001	2	0	0	0
1050407122	1050407123	1045011001	4	0	0	0
1050407123	1050407124	1045011001	4	0	0	0
1050407124	1050407125	1045011001	4	0	0	0
1050407125	1050407126	1045011001	4	0	0	0
1050607188	1050407127	1045011001	2	0	0	0
1050607127	1050607128	1045011001	2	0	0	0
1050607128	1050607129	1045011001	4	0	0	0
1050607129	1050607130	1045011001	4	0	0	0
1050607130	1050607131	1045011001	4	0	0	0
1050607131	1050607132	1045011001	4	0	0	0
1050607194	1050607126	1045011001	2	0	0	0
1050011102	1050011103	1045011001	2	0	0	0
1050011103	1050011104	1045011001	4	0	0	0
1050011104	1050011105	1045011001	4	0	0	0
1050011105	1050011106	1045011001	4	0	0	0
1050011106	1050011107	1045011001	4	0	0	0
1050011107	1050011108	1045011001	4	0	0	0
1050611170	1050011109	1045011001	2	0	0	0
1050211109	1050211110	1045011001	2	0	0	0
1050211110	1050211111	1045011001	4	0	0	0
1050211111	1050211112	1045011001	4	0	0	0
1050211112	1050211113	1045011001	4	0	0	0
1050211113	1050211114	1045011001	4	0	0	0
1050611176	1050211115	1045011001	2	0	0	0
1050311115	1050311116	1045011001	2	0	0	0
1050311116	1050311117	1045011001	4	0	0	0
1050311117	1050311118	1045011001	4	0	0	0
1050311118	1050311119	1045011001	4	0	0	0
1050311119	1050311120	1045011001	4	0	0	0
1050611182	1050311121	1045011001	2	0	0	0
1050411121	1050411122	1045011001	2	0	0	0
1050411122	1050411123	1045011001	4	0	0	0
1050411123	1050411124	1045011001	4	0	0	0
1050411124	1050411125	1045011001	4	0	0	0
1050411125	1050411126	1045011001	4	0	0	0
1050611188	1050411127	1045011001	2	0	0	0
1050611127	1050611128	1045011001	2	0	0	0
1050611128	1050611129	1045011001	4	0	0	0
1050611129	1050611130	1045011001	4	0	0	0
1050611130	1050611131	1045011001	4	0	0	0
1050611131	1050611132	1045011001	4	0	0	0
1050611194	1050611126	1045011001	2	0	0	0
1050010102	1050010103	1045011001	2	0	0	0
1050010103	1050010104	1045011001	4	0	0	0
1050010104	1050010105	1045011001	4	0	0	0
1050010105	1050010106	1045011001	4	0	0	0
1050010106	1050010107	1045011001	4	0	0	0
1050010107	1050010108	1045011001	4	0	0	0
1050610170	1050010109	1045011001	2	0	0	0
1050210109	1050210110	1045011001	2	0	0	0
1050210110	1050210111	1045011001	4	0	0	0
1050210111	1050210112	1045011001	4	0	0	0
1050210112	1050210113	1045011001	4	0	0	0
1050210113	1050210114	1045011001	4	0	0	0
1050610176	1050210115	1045011001	2	0	0	0
1050310115	1050310116	1045011001	2	0	0	0
1050310116	1050310117	1045011001	4	0	0	0
1050310117	1050310118	1045011001	4	0	0	0
1050310118	1050310119	1045011001	4	0	0	0
1050310119	1050310120	1045011001	4	0	0	0
1050610182	1050310121	1045011001	2	0	0	0
1050410121	1050410122	1045011001	2	0	0	0
1050410122	1050410123	1045011001	4	0	0	0
1050410123	1050410124	1045011001	4	0	0	0
1050410124	1050410125	1045011001	4	0	0	0
1050410125	1050410126	1045011001	4	0	0	0
1050610188	1050410127	1045011001	2	0	0	0
1050610127	1050610128	1045011001	2	0	0	0
1050610128	1050610129	1045011001	4	0	0	0
1050610129	1050610130	1045011001	4	0	0	0
1050610130	1050610131	1045011001	4	0	0	0
1050610131	1050610132	1045011001	4	0	0	0
1050610194	1050610126	1045011001	2	0	0	0
1050005102	1050005103	1045011001	2	0	0	0
1050005103	1050005104	1045011001	4	0	0	0
1050005104	1050005105	1045011001	4	0	0	0
1050005105	1050005106	1045011001	4	0	0	0
1050005106	1050005107	1045011001	4	0	0	0
1050005107	1050005108	1045011001	4	0	0	0
1050605170	1050005109	1045011001	2	0	0	0
1050205109	1050205110	1045011001	2	0	0	0
1050205110	1050205111	1045011001	4	0	0	0
1050205111	1050205112	1045011001	4	0	0	0
1050205112	1050205113	1045011001	4	0	0	0
1050205113	1050205114	1045011001	4	0	0	0
1050605176	1050205115	1045011001	2	0	0	0
1050305115	1050305116	1045011001	2	0	0	0
1050305116	1050305117	1045011001	4	0	0	0
1050305117	1050305118	1045011001	4	0	0	0
1050305118	1050305119	1045011001	4	0	0	0
1050305119	1050305120	1045011001	4	0	0	0
1050605182	1050305121	1045011001	2	0	0	0
1050405121	1050405122	1045011001	2	0	0	0
1050405122	1050405123	1045011001	4	0	0	0
1050405123	1050405124	1045011001	4	0	0	0
1050405124	1050405125	1045011001	4	0	0	0
1050405125	1050405126	1045011001	4	0	0	0
1050605188	1050405127	1045011001	2	0	0	0
1050605127	1050605128	1045011001	2	0	0	0
1050605128	1050605129	1045011001	4	0	0	0
1050605129	1050605130	1045011001	4	0	0	0
1050605130	1050605131	1045011001	4	0	0	0
1050605131	1050605132	1045011001	4	0	0	0
1050605194	1050605126	1045011001	2	0	0	0
1051000001	1051001001	1045011002	2	0	0	0
1051000002	1051001002	1045011002	2	0	0	0
1051000011	1051001011	1045011002	2	0	0	0
1051000012	1051001012	1045011002	2	0	0	0
1051000013	1051001013	1045011002	2	0	0	0
1051000014	1051001014	1045011002	2	0	0	0
1051000015	1051001015	1045011002	2	0	0	0
1051000016	1051001016	1045011002	2	0	0	0
1051000017	1051001017	1045011002	2	0	0	0
1051000018	1051001018	1045011002	2	0	0	0
1051000003	1051001003	1045011002	4	0	0	0
1051000004	1051001004	1045011002	4	0	0	0
1051000005	1051001005	1045011002	4	0	0	0
1051000006	1051001006	1045011002	4	0	0	0
1051000007	1051001007	1045011002	4	0	0	0
1051000008	1051001008	1045011002	4	0	0	0
1051000010	1051001010	1045011002	4	0	0	0
1051000021	1051001021	1045011002	10	0	0	0
1051000022	1051001022	1045011002	10	0	0	0
1051000023	1051001023	1045011002	10	0	0	0
1051000024	1051001024	1045011002	10	0	0	0
1051000026	1051001026	1045011002	10	0	0	0
1051000009	1051001009	1045011002	20	0	0	0
1051000040	1051001032	1045011002	20	0	0	0
1051000019	1051001019	1045011002	40	0	0	0
1051000028	1051001028	1045011002	40	0	0	0
1051000020	1051001020	1045011002	80	0	0	0
1051000030	1051001030	1045011002	80	0	0	0
1051000025	1051001025	1045011002	120	0	0	0
1051000029	1051001029	1045011002	120	0	0	0
1051000027	1051001027	1045011002	160	0	0	0
1051000031	1051001031	1045011002	160	0	0	0
1051001009	1051020004	1045011002:1042200201:1042200301:1042200401	40:10:5:1	0	0	0
1051001032	1051020010	1045011002:1042200201:1042200301:1042200401	40:10:5:1	0	0	0
1051001019	1051020005	1045011002:1042200201:1042200301:1042200401	80:15:10:1	0	0	0
1051001028	1051020009	1045011002:1042200201:1042200301:1042200401	80:15:10:1	0	0	0
1051001020	1051020006	1045011002:1042200201:1042200301:1042200401	160:30:15:2	0	0	0
1051001030	1051020003	1045011002:1042200201:1042200301:1042200401	160:30:15:2	0	0	0
1051001025	1051020002	1045011002:1042200201:1042200301:1042200401	240:40:20:3	0	0	0
1051001029	1051020007	1045011002:1042200201:1042200301:1042200401	240:40:20:3	0	0	0
1051001027	1051020001	1045011002:1042200201:1042200301:1042200401	320:50:30:4	0	0	0
1051001031	1051020008	1045011002:1042200201:1042200301:1042200401	320:50:30:4	0	0	0
1051001011	1051000008	1045010407	88	100000	0	0
1051001013	1051000004	1045010407	88	100000	0	0
1051001015	1051000005	1045010407	88	100000	0	0
1051001002	1051000005	1045010407	88	100000	0	0
1051001017	1051000010	1045010407	88	100000	0	0
1051001012	1051000006	1045010407	88	100000	0	0
1051001016	1051000007	1045010407	88	100000	0	0
1051001014	1051000006	1045010407	88	100000	0	0
1051001001	1051000007	1045010407	88	100000	0	0
1051001018	1051000003	1045010407	88	100000	0	0
1051001008	1051000023	1045011003:1042010102:1045000229:1045011002	1:10:10:10	3000000	0	0
1051001004	1051000022	1045011003:1042010102:1045000229:1045011002	1:10:10:10	3000000	0	0
1051001005	1051000021	1045011003:1042010102:1045000229:1045011002	1:10:10:10	3000000	0	0
1051001010	1051000023	1045011003:1042010102:1045000229:1045011002	1:10:10:10	3000000	0	0
1051001006	1051000024	1045011003:1042010102:1045000229:1045011002	1:10:10:10	3000000	0	0
1051001007	1051000026	1045011003:1042010102:1045000229:1045011002	1:10:10:10	3000000	0	0
1051001003	1051000024	1045011003:1042010102:1045000229:1045011002	1:10:10:10	3000000	0	0
1051001023	1051000040	1045011003:1042010102:1050000001:1045011002	1:20:1:20	6000000	0	0
1051001022	1051000040	1045011003:1042010102:1050000001:1045011002	1:20:1:20	6000000	0	0
1051001021	1051000040	1045011003:1042010102:1050000001:1045011002	1:20:1:20	6000000	0	0
1051001024	1051000009	1045011003:1042010102:1050000001:1045011002	1:20:1:20	6000000	0	0
1051001026	1051000009	1045011003:1042010102:1050000001:1045011002	1:20:1:20	6000000	0	0
1051020004	1051000019	1045011003:1042010102:1050000001	7:10:2	20000000	0	0
1051020010	1051000028	1045011003:1042010102:1050000001	7:10:2	20000000	0	0
1051020005	1051000020	1045011003:1042010102:1050000001	14:20:4	20000000	0	0
1051020009	1051000030	1045011003:1042010102:1050000001	14:20:4	20000000	0	0
1051020006	1051000025	1045011003:1042010102:1050000001	12:20:4	40000000	0	0
1051020003	1051000029	1045011003:1042010102:1050000001	12:20:4	40000000	0	0
1051020002	1051000032	1051020001:1045011003	1:50	0	0	0
1051020001	1051000032	1051020002:1045011003	1:50	0	0	0
1051020007	1051000033	1051020008:1045011003	1:50	0	0	0
1051020008	1051000033	1051020007:1045011003	1:50	0	0	0
1051000032	1051000041	1042200403:1050000001:1042010102	5:10:50	500000000	0	0
1051000033	1051000042	1042200403:1050000001:1042010102	5:10:50	500000000	0	0
1050607133	1050007103	1045011001	2	0	0	0
1050607134	1050007104	1045011001	4	0	0	0
1050607135	1050007105	1045011001	4	0	0	0
1050607136	1050007106	1045011001	4	0	0	0
1050607137	1050007107	1045011001	4	0	0	0
1050607138	1050007108	1045011001	4	0	0	0
1050607140	1050207110	1045011001	2	0	0	0
1050607141	1050207111	1045011001	4	0	0	0
1050607142	1050207112	1045011001	4	0	0	0
1050607143	1050207113	1045011001	4	0	0	0
1050607144	1050207114	1045011001	4	0	0	0
1050607146	1050307116	1045011001	2	0	0	0
1050607147	1050307117	1045011001	4	0	0	0
1050607148	1050307118	1045011001	4	0	0	0
1050607149	1050307119	1045011001	4	0	0	0
1050607150	1050307120	1045011001	4	0	0	0
1050607152	1050407122	1045011001	2	0	0	0
1050607153	1050407123	1045011001	4	0	0	0
1050607154	1050407124	1045011001	4	0	0	0
1050607155	1050407125	1045011001	4	0	0	0
1050607156	1050407126	1045011001	4	0	0	0
1050607158	1050607128	1045011001	2	0	0	0
1050607159	1050607129	1045011001	4	0	0	0
1050607160	1050607130	1045011001	4	0	0	0
1050607161	1050607131	1045011001	4	0	0	0
1050607162	1050607132	1045011001	4	0	0	0
1050611133	1050011103	1045011001	2	0	0	0
1050611134	1050011104	1045011001	4	0	0	0
1050611135	1050011105	1045011001	4	0	0	0
1050611136	1050011106	1045011001	4	0	0	0
1050611137	1050011107	1045011001	4	0	0	0
1050611138	1050011108	1045011001	4	0	0	0
1050611140	1050211110	1045011001	2	0	0	0
1050611141	1050211111	1045011001	4	0	0	0
1050611142	1050211112	1045011001	4	0	0	0
1050611143	1050211113	1045011001	4	0	0	0
1050611144	1050211114	1045011001	4	0	0	0
1050611146	1050311116	1045011001	2	0	0	0
1050611147	1050311117	1045011001	4	0	0	0
1050611148	1050311118	1045011001	4	0	0	0
1050611149	1050311119	1045011001	4	0	0	0
1050611150	1050311120	1045011001	4	0	0	0
1050611152	1050411122	1045011001	2	0	0	0
1050611153	1050411123	1045011001	4	0	0	0
1050611154	1050411124	1045011001	4	0	0	0
1050611155	1050411125	1045011001	4	0	0	0
1050611156	1050411126	1045011001	4	0	0	0
1050611158	1050611128	1045011001	2	0	0	0
1050611159	1050611129	1045011001	4	0	0	0
1050611160	1050611130	1045011001	4	0	0	0
1050611161	1050611131	1045011001	4	0	0	0
1050611162	1050611132	1045011001	4	0	0	0
1050610133	1050010103	1045011001	2	0	0	0
1050610134	1050010104	1045011001	4	0	0	0
1050610135	1050010105	1045011001	4	0	0	0
1050610136	1050010106	1045011001	4	0	0	0
1050610137	1050010107	1045011001	4	0	0	0
1050610138	1050010108	1045011001	4	0	0	0
1050610140	1050210110	1045011001	2	0	0	0
1050610141	1050210111	1045011001	4	0	0	0
1050610142	1050210112	1045011001	4	0	0	0
1050610143	1050210113	1045011001	4	0	0	0
1050610144	1050210114	1045011001	4	0	0	0
1050610146	1050310116	1045011001	2	0	0	0
1050610147	1050310117	1045011001	4	0	0	0
1050610148	1050310118	1045011001	4	0	0	0
1050610149	1050310119	1045011001	4	0	0	0
1050610150	1050310120	1045011001	4	0	0	0
1050610152	1050410122	1045011001	2	0	0	0
1050610153	1050410123	1045011001	4	0	0	0
1050610154	1050410124	1045011001	4	0	0	0
1050610155	1050410125	1045011001	4	0	0	0
1050610156	1050410126	1045011001	4	0	0	0
1050610158	1050610128	1045011001	2	0	0	0
1050610159	1050610129	1045011001	4	0	0	0
1050610160	1050610130	1045011001	4	0	0	0
1050610161	1050610131	1045011001	4	0	0	0
1050610162	1050610132	1045011001	4	0	0	0
1050605133	1050005103	1045011001	2	0	0	0
1050605134	1050005104	1045011001	4	0	0	0
1050605135	1050005105	1045011001	4	0	0	0
1050605136	1050005106	1045011001	4	0	0	0
1050605137	1050005107	1045011001	4	0	0	0
1050605138	1050005108	1045011001	4	0	0	0
1050605140	1050205110	1045011001	2	0	0	0
1050605141	1050205111	1045011001	4	0	0	0
1050605142	1050205112	1045011001	4	0	0	0
1050605143	1050205113	1045011001	4	0	0	0
1050605144	1050205114	1045011001	4	0	0	0
1050605146	1050305116	1045011001	2	0	0	0
1050605147	1050305117	1045011001	4	0	0	0
1050605148	1050305118	1045011001	4	0	0	0
1050605149	1050305119	1045011001	4	0	0	0
1050605150	1050305120	1045011001	4	0	0	0
1050605152	1050405122	1045011001	2	0	0	0
1050605153	1050405123	1045011001	4	0	0	0
1050605154	1050405124	1045011001	4	0	0	0
1050605155	1050405125	1045011001	4	0	0	0
1050605156	1050405126	1045011001	4	0	0	0
1050605158	1050605128	1045011001	2	0	0	0
1050605159	1050605129	1045011001	4	0	0	0
1050605160	1050605130	1045011001	4	0	0	0
1050605161	1050605131	1045011001	4	0	0	0
1050605162	1050605132	1045011001	4	0	0	0
1050607164	1050007103	1045011001	1	0	0	0
1050607165	1050007104	1045011001	3	0	0	0
1050607166	1050007105	1045011001	3	0	0	0
1050607167	1050007106	1045011001	3	0	0	0
1050607168	1050007107	1045011001	3	0	0	0
1050607169	1050007108	1045011001	3	0	0	0
1050607171	1050207110	1045011001	1	0	0	0
1050607172	1050207111	1045011001	3	0	0	0
1050607173	1050207112	1045011001	3	0	0	0
1050607174	1050207113	1045011001	3	0	0	0
1050607175	1050207114	1045011001	3	0	0	0
1050607177	1050307116	1045011001	1	0	0	0
1050607178	1050307117	1045011001	3	0	0	0
1050607179	1050307118	1045011001	3	0	0	0
1050607180	1050307119	1045011001	3	0	0	0
1050607181	1050307120	1045011001	3	0	0	0
1050607183	1050407122	1045011001	1	0	0	0
1050607184	1050407123	1045011001	3	0	0	0
1050607185	1050407124	1045011001	3	0	0	0
1050607186	1050407125	1045011001	3	0	0	0
1050607187	1050407126	1045011001	3	0	0	0
1050607189	1050607128	1045011001	1	0	0	0
1050607190	1050607129	1045011001	3	0	0	0
1050607191	1050607130	1045011001	3	0	0	0
1050607192	1050607131	1045011001	3	0	0	0
1050607193	1050607132	1045011001	3	0	0	0
1050611164	1050011103	1045011001	1	0	0	0
1050611165	1050011104	1045011001	3	0	0	0
1050611166	1050011105	1045011001	3	0	0	0
1050611167	1050011106	1045011001	3	0	0	0
1050611168	1050011107	1045011001	3	0	0	0
1050611169	1050011108	1045011001	3	0	0	0
1050611171	1050211110	1045011001	1	0	0	0
1050611172	1050211111	1045011001	3	0	0	0
1050611173	1050211112	1045011001	3	0	0	0
1050611174	1050211113	1045011001	3	0	0	0
1050611175	1050211114	1045011001	3	0	0	0
1050611177	1050311116	1045011001	1	0	0	0
1050611178	1050311117	1045011001	3	0	0	0
1050611179	1050311118	1045011001	3	0	0	0
1050611180	1050311119	1045011001	3	0	0	0
1050611181	1050311120	1045011001	3	0	0	0
1050611183	1050411122	1045011001	1	0	0	0
1050611184	1050411123	1045011001	3	0	0	0
1050611185	1050411124	1045011001	3	0	0	0
1050611186	1050411125	1045011001	3	0	0	0
1050611187	1050411126	1045011001	3	0	0	0
1050611189	1050611128	1045011001	1	0	0	0
1050611190	1050611129	1045011001	3	0	0	0
1050611191	1050611130	1045011001	3	0	0	0
1050611192	1050611131	1045011001	3	0	0	0
1050611193	1050611132	1045011001	3	0	0	0
1050610164	1050010103	1045011001	1	0	0	0
1050610165	1050010104	1045011001	3	0	0	0
1050610166	1050010105	1045011001	3	0	0	0
1050610167	1050010106	1045011001	3	0	0	0
1050610168	1050010107	1045011001	3	0	0	0
1050610169	1050010108	1045011001	3	0	0	0
1050610171	1050210110	1045011001	1	0	0	0
1050610172	1050210111	1045011001	3	0	0	0
1050610173	1050210112	1045011001	3	0	0	0
1050610174	1050210113	1045011001	3	0	0	0
1050610175	1050210114	1045011001	3	0	0	0
1050610177	1050310116	1045011001	1	0	0	0
1050610178	1050310117	1045011001	3	0	0	0
1050610179	1050310118	1045011001	3	0	0	0
1050610180	1050310119	1045011001	3	0	0	0
1050610181	1050310120	1045011001	3	0	0	0
1050610183	1050410122	1045011001	1	0	0	0
1050610184	1050410123	1045011001	3	0	0	0
1050610185	1050410124	1045011001	3	0	0	0
1050610186	1050410125	1045011001	3	0	0	0
1050610187	1050410126	1045011001	3	0	0	0
1050610189	1050610128	1045011001	1	0	0	0
1050610190	1050610129	1045011001	3	0	0	0
1050610191	1050610130	1045011001	3	0	0	0
1050610192	1050610131	1045011001	3	0	0	0
1050610193	1050610132	1045011001	3	0	0	0
1050605164	1050005103	1045011001	1	0	0	0
1050605165	1050005104	1045011001	3	0	0	0
1050605166	1050005105	1045011001	3	0	0	0
1050605167	1050005106	1045011001	3	0	0	0
1050605168	1050005107	1045011001	3	0	0	0
1050605169	1050005108	1045011001	3	0	0	0
1050605171	1050205110	1045011001	1	0	0	0
1050605172	1050205111	1045011001	3	0	0	0
1050605173	1050205112	1045011001	3	0	0	0
1050605174	1050205113	1045011001	3	0	0	0
1050605175	1050205114	1045011001	3	0	0	0
1050605177	1050305116	1045011001	1	0	0	0
1050605178	1050305117	1045011001	3	0	0	0
1050605179	1050305118	1045011001	3	0	0	0
1050605180	1050305119	1045011001	3	0	0	0
1050605181	1050305120	1045011001	3	0	0	0
1050605183	1050405122	1045011001	1	0	0	0
1050605184	1050405123	1045011001	3	0	0	0
1050605185	1050405124	1045011001	3	0	0	0
1050605186	1050405125	1045011001	3	0	0	0
1050605187	1050405126	1045011001	3	0	0	0
1050605189	1050605128	1045011001	1	0	0	0
1050605190	1050605129	1045011001	3	0	0	0
1050605191	1050605130	1045011001	3	0	0	0
1050605192	1050605131	1045011001	3	0	0	0
1050605193	1050605132	1045011001	3	0	0	0
1050007108	1050007109	1042200101:1042200201:1042200301:1042200401:1045011001	450:120:60:4:2	36000000	0	0
1050207114	1050207115	1042200101:1042200201:1042200301:1042200401:1045011001	300:80:20:1:2	30000000	0	0
1050307120	1050307121	1042200101:1042200201:1042200301:1042200401:1045011001	300:80:20:1:2	30000000	0	0
1050407126	1050407127	1042200101:1042200201:1042200301:1042200401:1045011001	300:80:20:1:2	30000000	0	0
1050607132	1050607126	1042200101:1042200201:1042200301:1042200401:1045011001	300:80:20:1:2	30000000	0	0
1050607139	1050007109	1042200101:1042200201:1042200301:1042200401:1045011001	300:90:45:3:2	24000000	0	0
1050607145	1050207115	1042200101:1042200201:1042200301:1042200401:1045011001	200:60:15:1:2	20000000	0	0
1050607151	1050307121	1042200101:1042200201:1042200301:1042200401:1045011001	200:60:15:1:2	20000000	0	0
1050607157	1050407127	1042200101:1042200201:1042200301:1042200401:1045011001	200:60:15:1:2	20000000	0	0
1050607163	1050607126	1042200101:1042200201:1042200301:1042200401:1045011001	200:60:15:1:2	20000000	0	0
1050011108	1050011109	1042200101:1042200201:1042200301:1042200401:1045011001	450:120:60:4:2	36000000	0	0
1050211114	1050211115	1042200101:1042200201:1042200301:1042200401:1045011001	300:80:20:1:2	30000000	0	0
1050311120	1050311121	1042200101:1042200201:1042200301:1042200401:1045011001	300:80:20:1:2	30000000	0	0
1050411126	1050411127	1042200101:1042200201:1042200301:1042200401:1045011001	300:80:20:1:2	30000000	0	0
1050611132	1050611126	1042200101:1042200201:1042200301:1042200401:1045011001	300:80:20:1:2	30000000	0	0
1050611139	1050011109	1042200101:1042200201:1042200301:1042200401:1045011001	300:90:45:3:2	24000000	0	0
1050611145	1050211115	1042200101:1042200201:1042200301:1042200401:1045011001	200:60:15:1:2	20000000	0	0
1050611151	1050311121	1042200101:1042200201:1042200301:1042200401:1045011001	200:60:15:1:2	20000000	0	0
1050611157	1050411127	1042200101:1042200201:1042200301:1042200401:1045011001	200:60:15:1:2	20000000	0	0
1050611163	1050611126	1042200101:1042200201:1042200301:1042200401:1045011001	200:60:15:1:2	20000000	0	0
1050010108	1050010109	1042200101:1042200201:1042200301:1042200401:1045011001	450:120:60:4:2	36000000	0	0
1050210114	1050210115	1042200101:1042200201:1042200301:1042200401:1045011001	300:80:20:1:2	30000000	0	0
1050310120	1050310121	1042200101:1042200201:1042200301:1042200401:1045011001	300:80:20:1:2	30000000	0	0
1050410126	1050410127	1042200101:1042200201:1042200301:1042200401:1045011001	300:80:20:1:2	30000000	0	0
1050610132	1050610126	1042200101:1042200201:1042200301:1042200401:1045011001	300:80:20:1:2	30000000	0	0
1050610139	1050010109	1042200101:1042200201:1042200301:1042200401:1045011001	300:90:45:3:2	24000000	0	0
1050610145	1050210115	1042200101:1042200201:1042200301:1042200401:1045011001	200:60:15:1:2	20000000	0	0
1050610151	1050310121	1042200101:1042200201:1042200301:1042200401:1045011001	200:60:15:1:2	20000000	0	0
1050610157	1050410127	1042200101:1042200201:1042200301:1042200401:1045011001	200:60:15:1:2	20000000	0	0
1050610163	1050610126	1042200101:1042200201:1042200301:1042200401:1045011001	200:60:15:1:2	20000000	0	0
1050005108	1050005109	1042200101:1042200201:1042200301:1042200401:1045011001	450:120:60:4:2	36000000	0	0
1050205114	1050205115	1042200101:1042200201:1042200301:1042200401:1045011001	300:80:20:1:2	30000000	0	0
1050305120	1050305121	1042200101:1042200201:1042200301:1042200401:1045011001	300:80:20:1:2	30000000	0	0
1050405126	1050405127	1042200101:1042200201:1042200301:1042200401:1045011001	300:80:20:1:2	30000000	0	0
1050605132	1050605126	1042200101:1042200201:1042200301:1042200401:1045011001	300:80:20:1:2	30000000	0	0
1050605139	1050005109	1042200101:1042200201:1042200301:1042200401:1045011001	300:90:45:3:2	24000000	0	0
1050605145	1050205115	1042200101:1042200201:1042200301:1042200401:1045011001	200:60:15:1:2	20000000	0	0
1050605151	1050305121	1042200101:1042200201:1042200301:1042200401:1045011001	200:60:15:1:2	20000000	0	0
1050605157	1050405127	1042200101:1042200201:1042200301:1042200401:1045011001	200:60:15:1:2	20000000	0	0
1050605163	1050605126	1042200101:1042200201:1042200301:1042200401:1045011001	200:60:15:1:2	20000000	0	0
1051010001	1051030001	1042200101:1042200201:1045011002:1051010001	100:30:20:4	2500000	0	0
1051010002	1051030002	1042200101:1042200201:1045011002:1051010002	100:30:20:4	2500000	0	0
1051010003	1051030003	1042200101:1042200201:1045011002:1051010003	100:30:20:4	2500000	0	0
1051010004	1051030004	1042200101:1042200201:1045011002:1051010004	100:30:20:4	2500000	0	0
1051010005	1051030005	1042200101:1042200201:1045011002:1051010005	100:30:20:4	2500000	0	0
1051010006	1051030006	1042200101:1042200201:1045011002:1051010006	100:30:20:4	2500000	0	0
1051010007	1051030007	1042200101:1042200201:1045011002:1051010007	100:30:20:4	2500000	0	0
1051010008	1051030008	1042200101:1042200201:1045011002:1051010008	100:30:20:4	2500000	0	0
1051010009	1051030009	1042200101:1042200201:1045011002:1051010009	100:30:20:4	2500000	0	0
1051010010	1051030010	1042200101:1042200201:1045011002:1051010010	100:30:20:4	2500000	0	0
1051010011	1051030011	1042200101:1042200201:1045011002:1051010011	100:30:20:4	5000000	0	0
1051010012	1051030012	1042200101:1042200201:1045011002:1051010012	100:30:20:4	5000000	0	0
1051010013	1051030013	1042200101:1042200201:1045011002:1051010013	100:30:20:4	5000000	0	0
1051010014	1051030014	1042200101:1042200201:1045011002:1051010014	100:30:20:4	5000000	0	0
1051010015	1051030015	1042200101:1042200201:1045011002:1051010015	100:30:20:4	5000000	0	0
1051010016	1051030016	1042200101:1042200201:1045011002:1051010016	100:30:20:4	5000000	0	0
1051010017	1051030017	1042200101:1042200201:1045011002:1051010017	100:30:20:4	5000000	0	0
1051010018	1051030018	1042200101:1042200201:1045011002:1051010018	100:30:20:4	7500000	0	0
1051010019	1051030019	1042200101:1042200201:1045011002:1051010019	100:30:20:4	7500000	0	0
1051010020	1051030020	1042200101:1042200201:1045011002:1051010020	100:30:20:4	7500000	0	0
1051010021	1051030021	1042200101:1042200201:1045011002:1051010021	100:30:20:4	7500000	0	0
1051010022	1051030022	1042200101:1042200201:1045011002:1051010022	100:30:20:4	7500000	0	0
1051010023	1051030023	1042200101:1042200201:1045011002:1051010023	100:30:20:4	10000000	0	0
1051010024	1051030024	1042200101:1042200201:1045011002:1051010024	100:30:20:4	10000000	0	0
1051010025	1051030025	1045011002:1042010105:1051010025	100:1:4	20000000	0	0
1051010026	1051030026	1045011002:1042010105:1051010026	100:1:4	20000000	0	0
1051010027	1051030027	1042200401:1042010105:1045030002:1045010406:1050000001	1:2:4:5:5	30000000	0	0
1051010028	1051030028	1042200401:1042010105:1045030002:1045010406:1050000001	1:2:4:5:5	30000000	0	0
1051010029	1051030029	1042200401:1042010105:1045030002:1045010406:1050000001	1:2:6:7:7	40000000	0	0
1051010030	1051030030	1042200401:1042010105:1045030002:1045010406:1050000001	1:2:6:7:7	40000000	0	0
1051030001	1051010017	1042010102:1045000229:1045011002	10:10:10	3000000	0	0
1051030002	1051010016	1042010102:1045000229:1045011002	10:10:10	3000000	0	0
1051030003	1051010013	1042010102:1045000229:1045011002	10:10:10	3000000	0	0
1051030004	1051010011	1042010102:1045000229:1045011002	10:10:10	3000000	0	0
1051030005	1051010016	1042010102:1045000229:1045011002	10:10:10	3000000	0	0
1051030006	1051010015	1042010102:1045000229:1045011002	10:10:10	3000000	0	0
1051030007	1051010015	1042010102:1045000229:1045011002	10:10:10	3000000	0	0
1051030008	1051010014	1042010102:1045000229:1045011002	10:10:10	3000000	0	0
1051030009	1051010012	1042010102:1045000229:1045011002	10:10:10	3000000	0	0
1051030010	1051010013	1042010102:1045000229:1045011002	10:10:10	3000000	0	0
1051030011	1051010022	1042010102:1045000229:1045011002	20:20:20	6000000	0	0
1051030012	1051010019	1042010102:1045000229:1045011002	20:20:20	6000000	0	0
1051030013	1051010020	1042010102:1045000229:1045011002	20:20:20	6000000	0	0
1051030014	1051010018	1042010102:1045000229:1045011002	20:20:20	6000000	0	0
1051030015	1051010021	1042010102:1045000229:1045011002	20:20:20	6000000	0	0
1051030016	1051010019	1042010102:1045000229:1045011002	20:20:20	6000000	0	0
1051030017	1051010018	1042010102:1045000229:1045011002	20:20:20	6000000	0	0
1051030018	1051010024	1045030002:1045010406:1050000001:1042010102	2:2:2:20	9000000	0	0
1051030019	1051010023	1045030002:1045010406:1050000001:1042010102	2:2:2:20	9000000	0	0
1051030020	1051010023	1045030002:1045010406:1050000001:1042010102	2:2:2:20	9000000	0	0
1051030021	1051010024	1045030002:1045010406:1050000001:1042010102	2:2:2:20	9000000	0	0
1051030022	1051010024	1045030002:1045010406:1050000001:1042010102	2:2:2:20	9000000	0	0
1051030023	1051010025	1045030002:1050000007:1045010406:1050000001:1042010102	4:2:6:5:50	20000000	0	0
1051030024	1051010026	1045030002:1050000007:1045010406:1050000001:1042010102	4:2:6:5:50	20000000	0	0
1051030025	1051010027	1042200403:1042010105:1050000007:1045010406:1042200301	1:2:2:6:30	30000000	0	0
1051030026	1051010028	1042200403:1042010105:1050000007:1045010406:1042200301	1:2:2:6:30	30000000	0	0
1051030027	1051010029	1042200403:1042010105:1050000007:1045010406:1050000001	1:2:4:6:6	40000000	0	0
1051030028	1051010030	1042200403:1042010105:1050000007:1045010406:1050000001	1:2:4:6:6	40000000	0	0
1051100052	1051100049	1045011003:1042010102:1045011002:1042200101:1042200201	2:2:2:10:5	1000000	0	0
1051100054	1051100045	1045011003:1042010102:1045011002:1042200101:1042200201	2:2:2:10:5	1000000	0	0
1051100056	1051100046	1045011003:1042010102:1045011002:1042200101:1042200201	2:2:2:10:5	1000000	0	0
1051100043	1051100046	1045011003:1042010102:1045011002:1042200101:1042200201	2:2:2:10:5	1000000	0	0
1051100058	1051100051	1045011003:1042010102:1045011002:1042200101:1042200201	2:2:2:10:5	1000000	0	0
1051100053	1051100047	1045011003:1042010102:1045011002:1042200101:1042200201	2:2:2:10:5	1000000	0	0
1051100057	1051100048	1045011003:1042010102:1045011002:1042200101:1042200201	2:2:2:10:5	1000000	0	0
1051100055	1051100047	1045011003:1042010102:1045011002:1042200101:1042200201	2:2:2:10:5	1000000	0	0
1051100042	1051100048	1045011003:1042010102:1045011002:1042200101:1042200201	2:2:2:10:5	1000000	0	0
1051100059	1051100044	1045011003:1042010102:1045011002:1042200101:1042200201	2:2:2:10:5	1000000	0	0
1051100049	1051100184	1045011003:1042010102:1045011002:1042200101:1042200201	7:6:6:30:15	3000000	0	0
1051100045	1051100182	1045011003:1042010102:1045011002:1042200101:1042200201	7:6:6:30:15	3000000	0	0
1051100046	1051100182	1045011003:1042010102:1045011002:1042200101:1042200201	7:6:6:30:15	3000000	0	0
1051100051	1051100183	1045011003:1042010102:1045011002:1042200101:1042200201	7:6:6:30:15	3000000	0	0
1051100047	1051100185	1045011003:1042010102:1045011002:1042200101:1042200201	7:6:6:30:15	3000000	0	0
1051100048	1051100186	1045011003:1042010102:1045011002:1042200101:1042200201	7:6:6:30:15	3000000	0	0
1051100044	1051100185	1045011003:1042010102:1045011002:1042200101:1042200201	7:6:6:30:15	3000000	0	0
1051100184	1051100199	1045011003:1042010102:1050000001:1042200401	11:10:1:1	9000000	0	0
1051100182	1051100199	1045011003:1042010102:1050000001:1042200401	11:10:1:1	9000000	0	0
1051100183	1051100199	1045011003:1042010102:1050000001:1042200401	11:10:1:1	9000000	0	0
1051100185	1051100050	1045011003:1042010102:1050000001:1042200401	11:10:1:1	9000000	0	0
1051100186	1051100050	1045011003:1042010102:1050000001:1042200401	11:10:1:1	9000000	0	0
1051100199	1051100189	1045011003:1042010102:1050000001:1042200401	22:30:3:2	20000000	0	0
1051100050	1051100060	1045011003:1042010102:1050000001:1042200401	22:30:3:2	40000000	0	0
1051100189	1051100195	1045011003:1042010102:1050000001:1042200401	50:60:6:2	40000000	0	0
1051100060	1051100181	1045011003:1042010102:1050000001:1042200401	50:60:6:2	40000000	0	0
1051100195	1051100194	1045011003:1042010102:1050000001:1042200401	50:60:6:2	40000000	0	0
1051100181	1051100187	1045011003:1042010102:1050000001:1042200401	50:60:6:2	40000000	0	0
1051100194	1051100196	1045011003:1042010102:1050000001:1042200401	50:60:6:2	40000000	0	0
1051100187	1051100188	1045011003:1042010102:1050000001:1042200401	50:60:6:2	40000000	0	0
1051100196	1051100201	1045011003:1042010102:1050000001:1042200401	50:60:6:2	40000000	0	0
1051100188	1051100200	1045011003:1042010102:1050000001:1042200401	50:60:6:2	40000000	0	0
1045000006	1045000014	1045010407	1	40000	0	0
1045000014	1045000022	1045010407	1	100000	0	0
1045000022	1045000031	1045010407	3	200000	0	0
1045000126	1045000277	1045010407	1	20000	0	0
1045000277	1045000122	1045010407	1	50000	0	0
1045000122	1045000030	1045010407	2	100000	0	0
1045000007	1045000015	1045010407	2	80000	0	0
1045000015	1045000023	1045010407	2	200000	0	0
1045000023	1045000032	1045010407	6	400000	0	0
1045000279	1045000016	1045010407	3	120000	0	0
1045000016	1045000024	1045010407	3	300000	0	0
1045000024	1045000033	1045010407	9	600000	0	0
1045000009	1045000017	1045010407	4	160000	0	0
1045000017	1045000025	1045010407	4	400000	0	0
1045000025	1045000034	1045010407	12	800000	0	0
1045000278	1045000018	1045010407	5	200000	0	0
1045000018	1045000026	1045010407	5	500000	0	0
1045000026	1045000035	1045010407	15	1000000	0	0
1045000011	1045000019	1045010407	8	320000	0	0
1045000019	1045000027	1045010407	8	800000	0	0
1045000027	1045000036	1045010407	24	1600000	0	0
1045000012	1045000020	1045010407	12	480000	0	0
1045000020	1045000028	1045010407	12	1200000	0	0
1045000028	1045000037	1045010407	36	2400000	0	0
1045000013	1045000021	1045010407	24	960000	0	0
1045000021	1045000029	1045010407	24	2400000	0	0
1045000029	1045000038	1045010407	72	4800000	0	0
1045000031	1045000032	1045000031	2	400000	0	0
1045000032	1045000034	1045000032	2	800000	0	0
1045000034	1045000036	1045000034	2	1600000	0	0
1045000137	1045000182	1045010407	1	20000	0	0
1045000182	1045000183	1045010407	1	50000	0	0
1045000183	1045000500	1045010407	2	100000	0	0
1045000500	1045000501	1045010407	3	200000	0	0
1045000501	1045000507	1045010407	6	400000	0	0
1045000139	1045000184	1045010407	1	20000	0	0
1045000184	1045000185	1045010407	1	50000	0	0
1045000185	1045000601	1045010407	2	100000	0	0
1045000601	1045000602	1045010407	3	200000	0	0
1045000602	1045000608	1045010407	6	400000	0	0
1045010412	1045011001	1045010407:1045010408:1042200301	30:1:1	2000000	0	0
1050800018	1050800040	1050800020:1045010408	1:5	500000	0	0
1050800040	1050800041	1050800021:1050000001:1042010102	1:1:10	1500000	0	0
1050800041	1050800042	1050800022:1050000001:1042010102	1:2:20	6000000	0	0
1050800042	1050800043	1050800023:1050000001:1042010102	1:4:40	20000000	0	0
1050800043	1050800044	1050800024:1050000001:1042010102:1042010105	1:8:80:3	40000000	0	0
1050800044	1050800045	1045030002:1045000294	25:5	120000000	0	0
1050800045	1050800055	1045011003	60	450000000	0	0
1050800019	1050800050	1050800020:1045010408:1045011003	1:5:1	10000000	0	0
1050800050	1050800051	1050800021:1050000001:1042010102:1045011003	1:1:10:2	20000000	0	0
1050800051	1050800052	1050800022:1050000001:1042010102:1045011003	1:2:20:4	40000000	0	0
1050800052	1050800053	1050800023:1050000001:1042010102:1045011003	1:4:40:8	80000000	0	0
1050800053	1050800054	1050800024:1050000001:1042010102:1045011003	1:8:80:16	200000000	0	0
1050800054	1050800055	1045030002:1045000294:1045011003	25:5:20	320000000	0	0
1045000257	1045000275	1045000257	50	0	0	0
1045000274	1045000276	1045000274	20	0	0	0
1045010423	1045011003	1045010408:1042200301:1045010407	1:2:50	500000	0	0
1045010418	1051000029	1042200401:1042010105:1050000001:1045010407	1:2:2:1500	30000000	0	0
1045010419	1051000031	1042200401:1042010105:1050000001:1045010407	1:2:2:2000	40000000	0	0
1045010420	1051000025	1042200401:1042010105:1050000001:1045010407	1:2:2:1500	30000000	0	0
1045010421	1051000027	1042200401:1042010105:1050000001:1045010407	1:2:2:2000	40000000	0	0
1041010009	1041010029	1041010009	10	10000	0	0
1041020009	1041020016	1041020009	10	10000	0	0
1050007109	1050007110	1042200403:1042200401:1050000001:1045010407	2:2:5:2988	60000000	0	0
1050207115	1050207116	1042200403:1042200401:1050000001:1045010407	2:2:5:2988	60000000	0	0
1050307121	1050307122	1042200403:1042200401:1050000001:1045010407	2:2:5:2988	60000000	0	0
1050407127	1050407128	1042200403:1042200401:1050000001:1045010407	2:2:5:2988	60000000	0	0
1050607126	1050607125	1042200403:1042200401:1050000001:1045010407	2:2:5:2988	60000000	0	0
1050011109	1050011110	1042200403:1042200401:1050000001:1045010407	2:2:5:2988	60000000	0	0
1050211115	1050211116	1042200403:1042200401:1050000001:1045010407	2:2:5:2988	60000000	0	0
1050311121	1050311122	1042200403:1042200401:1050000001:1045010407	2:2:5:2988	60000000	0	0
1050411127	1050411128	1042200403:1042200401:1050000001:1045010407	2:2:5:2988	60000000	0	0
1050611126	1050611125	1042200403:1042200401:1050000001:1045010407	2:2:5:2988	60000000	0	0
1050010109	1050010110	1042200403:1042200401:1050000001:1045010407	2:2:5:2988	60000000	0	0
1050210115	1050210116	1042200403:1042200401:1050000001:1045010407	2:2:5:2988	60000000	0	0
1050310121	1050310122	1042200403:1042200401:1050000001:1045010407	2:2:5:2988	60000000	0	0
1050410127	1050410128	1042200403:1042200401:1050000001:1045010407	2:2:5:2988	60000000	0	0
1050610126	1050610125	1042200403:1042200401:1050000001:1045010407	2:2:5:2988	60000000	0	0
1050005109	1050005110	1042200403:1042200401:1050000001:1045010407	2:2:5:2988	60000000	0	0
1050205115	1050205116	1042200403:1042200401:1050000001:1045010407	2:2:5:2988	60000000	0	0
1050305121	1050305122	1042200403:1042200401:1050000001:1045010407	2:2:5:2988	60000000	0	0
1050405127	1050405128	1042200403:1042200401:1050000001:1045010407	2:2:5:2988	60000000	0	0
1050605126	1050605125	1042200403:1042200401:1050000001:1045010407	2:2:5:2988	60000000	0	0
1045010403	1045010361	1045010408	1	0	0	0
1045010404	1045010362	1045010408	1	0	0	0
1045010405	1045010363	1045010408	1	0	0	0
1045000285	1041030003	1045000286:1045000287	1:1	30000	0	0
1045000286	1041030003	1045000285:1045000287	1:1	30000	0	0
1045000287	1041030003	1045000286:1045000285	1:1	30000	0	0
1041010029	1041010015	1041010029	4	20000	0	0
1041020016	1041020017	1041020016	4	20000	0	0
1045000206	1045000292	1045000206	10	0	0	0
1045010431	1045011003	1045010408:1042200301:1045010407	1:2:50	500000	0	0
1045000290	1045000294	1045010408:1042200301:1050000001:1042010105	10:10:3:1	5000000	0	0
1045010410	1045000135	0	0	10000	0	0
1050901081	1050901076	1050000001:1042010102:1045011001:1045010407:1042200401	15:200:75:400:5	450000000	0	0
1050901082	1050901076	1050000001:1042010102:1045011001:1045010407:1042200401	15:200:75:400:5	450000000	0	0
1050901083	1050901077	1050000001:1042010102:1045011001:1045010407:1042200401	15:200:75:400:5	450000000	0	0
1050901084	1050901077	1050000001:1042010102:1045011001:1045010407:1042200401	15:200:75:400:5	450000000	0	0
1050901085	1050901078	1050000001:1042010102:1045011001:1045010407:1042200401	15:200:75:400:5	450000000	0	0
1050901086	1050901078	1050000001:1042010102:1045011001:1045010407:1042200401	15:200:75:400:5	450000000	0	0
1050901087	1050901079	1050000001:1042010102:1045011001:1045010407:1042200401	15:200:75:400:5	450000000	0	0
1050901088	1050901079	1050000001:1042010102:1045011001:1045010407:1042200401	15:200:75:400:5	450000000	0	0
1050901089	1050901080	1050000001:1042010102:1045011001:1045010407:1042200401	15:200:75:400:5	450000000	0	0
1050901090	1050901080	1050000001:1042010102:1045011001:1045010407:1042200401	15:200:75:400:5	450000000	0	0
1045000507	1045000508	1045010407	16	0	0	0
1045000608	1045000609	1045010407	16	0	0	0
1045000135	1045000136	1045000135	10	0	0	0
1045000292	1045000309	1045000292	10	0	0	0
1045000136	1045000332	1045000136	10	0	0	0
1042200402	1042200404	1045010408:1042200301:1042010106	1:1:1	100000	0	0
1042200404	1042200402	1045010408:1042200301:1042010106	1:1:1	100000	0	0
1051301001	1051301002	1045000344:1050000001:1042010105:1045000271	2:2:1:200	0	0	0
1051301002	1051301003	1045000345:1050000001:1042010105:1045000294:1045000271	2:4:2:1:1000	0	0	0
1051301003	1051301004	1045000349:1050000001:1042010105:1045000294:1045000271	2:8:4:3:2000	0	0	0
1051311001	1051311002	1045000344:1050000001:1042010105:1045000271	2:2:1:200	0	0	0
1051311002	1051311003	1045000345:1050000001:1042010105:1045000294:1045000271	2:4:2:1:1000	0	0	0
1051311003	1051311004	1045000349:1050000001:1042010105:1045000294:1045000271	2:8:4:3:2000	0	0	0
1051302001	1051302002	1045000344:1050000001:1042010105:1045000271	2:2:1:200	0	0	0
1051302002	1051302003	1045000345:1050000001:1042010105:1045000294:1045000271	2:4:2:1:1000	0	0	0
1051302003	1051302004	1045000349:1050000001:1042010105:1045000294:1045000271	2:8:4:3:2000	0	0	0
1051322001	1051322002	1045000344:1050000001:1042010105:1045000271	2:2:1:200	0	0	0
1051322002	1051322003	1045000345:1050000001:1042010105:1045000294:1045000271	2:4:2:1:1000	0	0	0
1051322003	1051322004	1045000349:1050000001:1042010105:1045000294:1045000271	2:8:4:3:2000	0	0	0
1051303001	1051303002	1045000344:1050000001:1042010105:1045000271	2:2:1:200	0	0	0
1051303002	1051303003	1045000345:1050000001:1042010105:1045000294:1045000271	2:4:2:1:1000	0	0	0
1051303003	1051303004	1045000349:1050000001:1042010105:1045000294:1045000271	2:8:4:3:2000	0	0	0
1051333001	1051333002	1045000344:1050000001:1042010105:1045000271	2:2:1:200	0	0	0
1051333002	1051333003	1045000345:1050000001:1042010105:1045000294:1045000271	2:4:2:1:1000	0	0	0
1051333003	1051333004	1045000349:1050000001:1042010105:1045000294:1045000271	2:8:4:3:2000	0	0	0
1051304001	1051304002	1045000344:1050000001:1042010105:1045000271	2:2:1:200	0	0	0
1051304002	1051304003	1045000345:1050000001:1042010105:1045000294:1045000271	2:4:2:1:1000	0	0	0
1051304003	1051304004	1045000349:1050000001:1042010105:1045000294:1045000271	2:8:4:3:2000	0	0	0
1051344001	1051344002	1045000344:1050000001:1042010105:1045000271	2:2:1:200	0	0	0
1051344002	1051344003	1045000345:1050000001:1042010105:1045000294:1045000271	2:4:2:1:1000	0	0	0
1051344003	1051344004	1045000349:1050000001:1042010105:1045000294:1045000271	2:8:4:3:2000	0	0	0
1051305001	1051305002	1045000344:1050000001:1042010105:1045000271	2:2:1:200	0	0	0
1051305002	1051305003	1045000345:1050000001:1042010105:1045000294:1045000271	2:4:2:1:1000	0	0	0
1051305003	1051305004	1045000349:1050000001:1042010105:1045000294:1045000271	2:8:4:3:2000	0	0	0
1051355001	1051355002	1045000344:1050000001:1042010105:1045000271	2:2:1:200	0	0	0
1051355002	1051355003	1045000345:1050000001:1042010105:1045000294:1045000271	2:4:2:1:1000	0	0	0
1051355003	1051355004	1045000349:1050000001:1042010105:1045000294:1045000271	2:8:4:3:2000	0	0	0
1051306001	1051306002	1045000344:1050000001:1042010105:1045000271	2:2:1:200	0	0	0
1051306002	1051306003	1045000345:1050000001:1042010105:1045000294:1045000271	2:4:2:1:1000	0	0	0
1051306003	1051306004	1045000349:1050000001:1042010105:1045000294:1045000271	2:8:4:3:2000	0	0	0
1051366001	1051366002	1045000344:1050000001:1042010105:1045000271	2:2:1:200	0	0	0
1051366002	1051366003	1045000345:1050000001:1042010105:1045000294:1045000271	2:4:2:1:1000	0	0	0
1051366003	1051366004	1045000349:1050000001:1042010105:1045000294:1045000271	2:8:4:3:2000	0	0	0
1051307001	1051307002	1045000344:1050000001:1042010105:1045000271	2:2:1:200	0	0	0
1051307002	1051307003	1045000345:1050000001:1042010105:1045000294:1045000271	2:4:2:1:1000	0	0	0
1051307003	1051307004	1045000349:1050000001:1042010105:1045000294:1045000271	2:8:4:3:2000	0	0	0
1051377001	1051377002	1045000344:1050000001:1042010105:1045000271	2:2:1:200	0	0	0
1051377002	1051377003	1045000345:1050000001:1042010105:1045000294:1045000271	2:4:2:1:1000	0	0	0
1051377003	1051377004	1045000349:1050000001:1042010105:1045000294:1045000271	2:8:4:3:2000	0	0	0
1051308001	1051308002	1045000344:1050000001:1042010105:1045000271	2:2:1:200	0	0	0
1051308002	1051308003	1045000345:1050000001:1042010105:1045000294:1045000271	2:4:2:1:1000	0	0	0
1051308003	1051308004	1045000349:1050000001:1042010105:1045000294:1045000271	2:8:4:3:2000	0	0	0
1051388001	1051388002	1045000344:1050000001:1042010105:1045000271	2:2:1:200	0	0	0
1051388002	1051388003	1045000345:1050000001:1042010105:1045000294:1045000271	2:4:2:1:1000	0	0	0
1051388003	1051388004	1045000349:1050000001:1042010105:1045000294:1045000271	2:8:4:3:2000	0	0	0
1051309001	1051309002	1045000344:1050000001:1042010105:1045000271	2:2:1:200	0	0	0
1051309002	1051309003	1045000345:1050000001:1042010105:1045000294:1045000271	2:4:2:1:1000	0	0	0
1051309003	1051309004	1045000349:1050000001:1042010105:1045000294:1045000271	2:8:4:3:2000	0	0	0
1051399001	1051399002	1045000344:1050000001:1042010105:1045000271	2:2:1:200	0	0	0
1051399002	1051399003	1045000345:1050000001:1042010105:1045000294:1045000271	2:4:2:1:1000	0	0	0
1051399003	1051399004	1045000349:1050000001:1042010105:1045000294:1045000271	2:8:4:3:2000	0	0	0
1051310001	1051310002	1045000344:1050000001:1042010105:1045000271	2:2:1:200	0	0	0
1051310002	1051310003	1045000345:1050000001:1042010105:1045000294:1045000271	2:4:2:1:1000	0	0	0
1051310003	1051310004	1045000349:1050000001:1042010105:1045000294:1045000271	2:8:4:3:2000	0	0	0
1051312001	1051312002	1045000344:1050000001:1042010105:1045000271	2:2:1:200	0	0	0
1051312002	1051312003	1045000345:1050000001:1042010105:1045000294:1045000271	2:4:2:1:1000	0	0	0
1051312003	1051312004	1045000349:1050000001:1042010105:1045000294:1045000271	2:8:4:3:2000	0	0	0
1051313001	1051313002	1045000344:1050000001:1042010105:1045000271	2:2:1:200	0	0	0
1051313002	1051313003	1045000345:1050000001:1042010105:1045000294:1045000271	2:4:2:1:1000	0	0	0
1051313003	1051313004	1045000349:1050000001:1042010105:1045000294:1045000271	2:8:4:3:2000	0	0	0
1051314001	1051314002	1045000344:1050000001:1042010105:1045000271	2:2:1:200	0	0	0
1051314002	1051314003	1045000345:1050000001:1042010105:1045000294:1045000271	2:4:2:1:1000	0	0	0
1051314003	1051314004	1045000349:1050000001:1042010105:1045000294:1045000271	2:8:4:3:2000	0	0	0
1051315001	1051315002	1045000344:1050000001:1042010105:1045000271	2:2:1:200	0	0	0
1051315002	1051315003	1045000345:1050000001:1042010105:1045000294:1045000271	2:4:2:1:1000	0	0	0
1051315003	1051315004	1045000349:1050000001:1042010105:1045000294:1045000271	2:8:4:3:2000	0	0	0
1051316001	1051316002	1045000344:1050000001:1042010105:1045000271	2:2:1:200	0	0	0
1051316002	1051316003	1045000345:1050000001:1042010105:1045000294:1045000271	2:4:2:1:1000	0	0	0
1051316003	1051316004	1045000349:1050000001:1042010105:1045000294:1045000271	2:8:4:3:2000	0	0	0
1045000134	1045000135	1045000134	10	0	0	0
1045000370	1045000371	1042010106:1045010408:1042200301	2:4:6	0	0	0
1045010442	1045011001	1045010407:1045010408:1042200301	30:1:1	2000000	0	0
1045010443	1045011003	1045010408:1042200301:1045010407	1:2:50	500000	0	0
1051300101	1051300102	1045000344:1050000001:1042010105:1045000271	2:2:1:200	0	0	0
1051300102	1051300103	1045000345:1050000001:1042010105:1045000294:1045000271	2:4:2:1:1000	0	0	0
1051300103	1051300104	1045000349:1050000001:1042010105:1045000294:1045000271	2:8:4:3:2000	0	0	0
1051300201	1051300202	1045000344:1050000001:1042010105:1045000271	2:2:1:200	0	0	0
1051300202	1051300203	1045000345:1050000001:1042010105:1045000294:1045000271	2:4:2:1:1000	0	0	0
1051300203	1051300204	1045000349:1050000001:1042010105:1045000294:1045000271	2:8:4:3:2000	0	0	0
1051300301	1051300302	1045000344:1050000001:1042010105:1045000271	2:2:1:200	0	0	0
1051300302	1051300303	1045000345:1050000001:1042010105:1045000294:1045000271	2:4:2:1:1000	0	0	0
1051300303	1051300304	1045000349:1050000001:1042010105:1045000294:1045000271	2:8:4:3:2000	0	0	0
1051300401	1051300402	1045000344:1050000001:1042010105:1045000271	2:2:1:200	0	0	0
1051300402	1051300403	1045000345:1050000001:1042010105:1045000294:1045000271	2:4:2:1:1000	0	0	0
1051300403	1051300404	1045000349:1050000001:1042010105:1045000294:1045000271	2:8:4:3:2000	0	0	0
1045000379	1051300101	1045000379:1045011003:1045010407:1042200401	6:6:666:1	0	0	0
1045000380	1051300201	1045000380:1045011003:1045010407:1042200401	6:6:666:1	0	0	0
1045000381	1051300301	1045000381:1045011003:1045010407:1042200401	6:6:666:1	0	0	0
1045000382	1051300401	1045000382:1045011003:1045010407:1042200401	6:6:666:1	0	0	0
1045000378	1045000377	1045010407	40	0	0	0
1045000386	1045000384	1045010408:1042200301:1042010106	5:7:3	0	0	0
1045000387	1045000385	1045010407	50	0	0	0
1045000388	1045000345	1045000388	10	0	0	0
1045000390	1045013056	1045010407	20	0	0	0